ERROR: Not Found: 471
ERROR: Not Found: 411
(0,36,61,146,167,205,243,316,347,441,516,549,663,847,)
(0,36,61,146,167,205,243,316,347,441,471,516,549,663,847,)
ERROR: Not Found: 428
(0,36,61,146,167,205,243,257,316,347,441,471,474,516,549,663,847,)
ERROR: Not Found: 91
(0,36,61,98,146,167,205,243,257,316,347,441,471,474,516,549,663,847,)
ERROR: Not Found: 828
ERROR: Not Found: 58
ERROR: Not Found: 112
ERROR: Not Found: 412
ERROR: Not Found: 538
ERROR: Not Found: 661
(0,36,61,98,139,146,167,205,243,257,316,336,337,347,435,441,471,474,516,549,576,663,801,847,913,960,)
(0,36,61,98,139,146,167,205,243,257,316,336,337,347,435,441,471,474,516,549,576,663,801,847,913,960,)
ERROR: Not Found: 565
(0,36,61,98,139,146,167,205,243,257,273,316,336,337,347,435,441,471,474,516,549,576,663,801,847,913,960,)
ERROR: Not Found: 285
ERROR: Not Found: 453
ERROR: Not Found: 373
(0,29,36,61,98,98,139,146,167,205,243,257,273,316,336,337,347,435,441,471,474,516,549,576,663,801,847,913,955,960,)
(0,29,36,61,98,98,139,146,167,205,243,254,257,273,316,336,337,347,435,441,471,474,516,549,576,663,801,847,913,955,960,)
(0,29,36,61,98,98,139,146,167,205,243,254,257,273,316,336,337,347,435,441,471,474,516,549,553,576,663,801,847,913,955,960,)
ERROR: Not Found: 858
ERROR: Not Found: 492
ERROR: Not Found: 470
(0,3,29,36,61,98,98,139,146,167,205,243,254,257,273,316,336,337,347,435,441,459,471,474,516,549,553,576,663,801,847,913,955,960,)
ERROR: Not Found: 531
(0,3,29,36,61,98,98,139,146,167,205,243,254,257,273,316,336,337,347,435,441,459,471,474,516,549,553,576,663,801,847,913,955,960,)
ERROR: Not Found: 652
ERROR: Not Found: 778
ERROR: Not Found: 286
(0,3,29,36,61,98,98,139,146,167,205,243,254,257,273,316,336,337,347,435,441,459,471,474,516,549,553,576,663,742,801,847,913,955,960,)
ERROR: Not Found: 944
(0,3,29,36,61,98,98,139,146,167,205,243,254,257,273,316,336,337,347,435,441,459,471,474,516,549,553,576,663,742,801,847,913,955,960,)
ERROR: Not Found: 280
(0,3,29,36,61,70,98,98,139,146,167,171,205,230,243,254,257,273,316,336,337,347,435,441,459,471,474,516,549,553,576,663,742,801,847,913,930,955,960,)
ERROR: Not Found: 79
(0,3,29,36,61,70,98,98,139,146,167,171,205,230,243,254,257,273,316,336,337,347,435,441,459,471,474,516,549,553,576,663,697,742,801,847,901,913,930,955,960,)
(0,3,29,36,61,70,98,98,139,146,167,171,205,230,243,254,257,273,316,336,337,347,411,)(435,441,459,471,474,488,516,549,553,576,598,663,697,733,742,801,847,901,913,930,955,960,)
(0,3,29,36,61,70,98,98,139,146,167,171,205,230,243,254,257,273,316,336,337,347,409,411,)(435,441,459,471,474,488,516,549,553,576,598,663,697,733,742,801,847,901,913,930,955,960,)
(0,3,29,36,61,70,98,98,139,146,167,171,205,230,243,254,257,273,316,336,337,347,409,411,)(435,441,459,471,474,488,516,549,553,576,598,663,697,733,742,801,847,901,913,930,955,960,)
ERROR: Not Found: 680
ERROR: Not Found: 191
(0,3,29,36,60,61,70,98,98,139,146,167,171,205,230,243,254,257,273,316,336,337,347,409,411,)(435,441,459,471,474,488,516,549,553,576,598,663,697,733,742,801,847,901,913,930,955,960,)
ERROR: Not Found: 45
ERROR: Not Found: 826
ERROR: Not Found: 521
ERROR: Not Found: 952
(0,3,29,36,60,61,70,98,98,139,146,167,171,187,205,230,243,254,257,273,316,336,337,347,409,411,)(435,441,459,471,474,488,516,549,553,576,598,663,697,733,742,801,842,847,901,913,930,955,960,)
ERROR: Not Found: 108
(0,3,29,36,60,61,70,98,98,139,146,167,171,187,205,219,230,243,254,257,273,316,336,337,347,409,411,)(435,441,459,471,474,488,516,549,553,576,598,663,697,733,742,801,821,842,847,901,913,930,955,960,)
ERROR: Not Found: 231
(0,3,29,36,60,61,70,98,98,139,146,167,171,187,205,219,230,243,254,257,273,316,336,337,347,409,411,)(435,441,459,471,474,488,516,549,553,576,598,663,697,733,742,801,821,842,847,901,913,930,955,960,)
(0,3,29,36,60,61,70,98,98,139,146,167,171,187,205,219,230,243,254,257,273,316,336,337,347,409,411,)(435,441,459,471,474,488,516,549,553,576,598,663,697,733,742,801,821,842,847,901,913,930,955,960,)
(0,3,29,36,60,61,70,98,98,139,146,167,171,187,205,219,230,243,254,257,273,316,336,337,347,409,411,)(435,441,459,471,474,488,516,526,549,553,576,598,663,697,733,740,742,801,821,842,847,901,913,930,955,960,)
(0,3,29,36,60,61,70,98,98,139,146,167,171,187,205,219,230,243,254,257,273,316,336,337,347,409,411,)(435,441,459,471,474,488,516,526,549,553,576,598,663,697,733,740,742,801,821,842,847,901,913,930,955,960,)
(0,3,29,36,60,61,70,98,98,139,146,167,171,187,205,219,230,243,254,257,273,316,336,337,347,409,411,)(435,441,459,471,474,488,516,526,549,553,557,576,598,663,697,733,740,742,801,821,842,847,901,913,930,955,960,)
ERROR: Not Found: 96
(0,3,29,36,60,61,70,98,98,139,146,167,171,187,205,219,230,243,254,257,273,302,316,336,337,339,347,409,411,)(435,441,459,471,474,488,516,526,549,553,557,576,587,598,663,697,733,740,742,801,821,842,847,901,913,930,955,960,)
ERROR: Not Found: ERROR: Not Found: 987
218ERROR: Not Found: 546
ERROR: Not Found: 301
ERROR: Not Found: 121

(0,3,29,36,60,61,70,82,91,98,98,139,146,167,171,187,194,205,219,230,243,254,257,273,302,316,336,337,339,347,383,409,411,)(435,441,459,471,474,488,516,526,549,553,557,576,587,598,663,697,733,740,742,801,821,842,847,901,913,930,955,960,)
ERROR: Not Found: 768
(0,3,29,36,60,61,70,82,91,98,98,139,146,167,171,187,194,205,219,230,243,254,257,273,302,316,336,337,339,347,383,409,411,)(435,441,459,471,474,488,516,526,549,553,557,576,587,598,663,691,697,733,740,742,801,821,842,847,901,913,930,955,960,)
(0,3,29,36,60,61,70,82,91,98,98,139,146,167,171,187,194,205,219,230,243,254,257,273,302,316,336,337,339,347,383,409,411,)(435,441,459,471,474,488,516,526,549,553,557,576,587,598,663,691,697,733,740,742,801,821,842,847,901,913,930,955,960,)
(0,3,16,29,36,60,61,70,82,91,98,98,139,146,167,171,187,194,205,219,230,243,254,257,273,302,316,336,337,339,347,383,409,411,)(435,441,459,471,474,488,516,526,549,553,557,576,587,598,663,691,697,733,740,742,801,821,842,847,901,913,930,955,960,)
(0,3,16,29,36,60,61,70,82,91,98,98,139,146,167,171,187,194,205,219,230,243,254,257,273,302,316,336,337,339,347,383,409,411,)(435,441,459,471,474,488,516,526,549,553,557,576,587,598,663,691,697,733,740,742,801,821,842,847,901,913,930,955,960,)
(0,3,16,29,36,60,61,70,82,91,98,98,139,146,167,171,187,194,198,205,219,230,243,254,257,273,302,316,336,337,339,347,383,409,411,419,)(435,441,459,471,474,488,516,526,549,553,557,576,587,598,663,691,697,733,734,740,742,801,821,842,847,901,913,930,955,960,)
ERROR: Not Found: 162
ERROR: Not Found: 25
(0,3,16,29,36,60,61,70,82,91,98,98,139,146,167,171,187,194,198,205,219,230,243,254,257,273,302,316,336,337,339,347,383,409,411,419,)(435,441,459,471,474,488,516,526,549,553,557,576,587,598,663,691,697,733,734,740,742,801,821,842,847,901,913,930,955,960,)
ERROR: Not Found: 154
(0,3,16,29,36,60,61,70,82,91,98,98,139,146,167,171,187,194,198,205,219,230,243,254,257,273,302,316,336,337,339,347,383,391,409,411,419,)(435,441,459,471,474,488,516,526,549,553,557,576,587,598,663,691,697,733,734,740,742,801,821,842,847,901,913,930,955,960,)
(0,3,16,29,36,60,61,70,82,91,98,98,139,146,167,171,187,194,198,205,219,230,243,254,257,273,302,316,336,337,339,347,383,391,409,411,419,)(435,441,459,471,474,488,516,526,549,553,557,576,587,598,663,691,697,733,734,740,742,801,821,842,847,901,913,930,955,960,)
ERROR: Not Found: 979
ERROR: Not Found: 130
(0,3,16,29,36,60,61,70,82,91,98,98,139,146,167,171,187,194,198,205,219,230,243,254,257,273,302,316,336,337,339,347,383,391,409,411,419,)(435,441,459,471,474,488,516,526,526,549,553,557,576,587,598,663,691,697,733,734,740,742,801,821,842,847,901,913,930,955,960,)
(0,3,16,29,36,60,61,70,82,91,98,98,139,146,167,171,187,194,198,205,219,230,243,254,257,273,302,316,336,337,339,347,383,391,409,411,419,)(435,441,459,471,474,488,516,526,526,549,553,557,576,587,598,635,663,691,697,733,734,740,742,801,821,842,847,901,913,930,955,960,)
ERROR: Not Found: 760
ERROR: Not Found: 324
(0,3,16,29,36,60,61,70,82,91,98,98,139,146,167,171,187,194,198,205,205,219,230,243,254,257,273,302,316,336,337,339,347,383,391,409,411,419,)(435,441,459,471,474,488,516,526,526,549,553,557,576,587,598,635,663,672,691,697,733,734,740,742,801,821,842,847,901,913,930,955,960,978,)
ERROR: Not Found: 793
(0,3,16,29,36,60,61,70,82,91,98,98,139,146,167,171,187,194,198,205,205,219,230,243,254,257,273,302,316,336,337,339,347,383,391,409,411,419,)(435,441,459,471,474,488,516,526,526,549,553,557,576,587,598,635,663,672,691,697,733,734,740,742,801,821,842,847,901,913,930,955,960,978,)
ERROR: Not Found: 346
(0,3,16,29,36,60,61,70,82,91,98,98,139,146,167,171,187,194,198,205,205,219,230,243,254,257,273,302,316,336,337,339,347,383,391,409,411,419,)(435,441,459,471,474,488,516,526,526,549,553,557,576,584,587,598,635,663,672,691,697,733,734,740,742,801,821,842,847,897,901,913,930,955,960,978,984,)
(0,3,16,29,36,60,61,70,82,91,98,98,139,146,167,171,187,194,198,205,205,219,230,243,254,257,273,302,316,336,337,339,347,383,391,409,411,419,)(435,441,459,471,474,488,516,526,526,549,553,557,576,584,587,598,635,663,672,691,697,733,734,740,742,801,821,842,847,897,901,913,930,955,960,978,984,)
ERROR: Not Found: 50
ERROR: Not Found: 656
(0,3,16,29,36,60,61,70,82,91,98,98,139,146,167,171,187,194,198,205,205,219,230,243,254,257,273,302,316,336,337,339,347,383,391,409,411,419,)(435,441,459,471,474,488,516,526,526,549,553,557,576,584,587,598,635,663,672,691,697,733,734,740,742,801,821,842,847,897,901,913,930,955,960,978,984,)
ERROR: Not Found: 484
(0,3,16,29,36,60,61,70,82,91,98,98,139,146,167,171,187,194,198,205,205,219,230,243,254,257,273,302,316,336,337,339,347,383,391,409,411,419,)(435,441,459,471,474,474,488,516,526,526,549,553,557,576,584,587,598,635,663,672,691,697,712,733,734,740,742,801,821,842,847,897,901,913,930,955,960,978,984,)
ERROR: Not Found: 284
ERROR: Not Found: 874
(0,3,16,29,36,60,61,70,82,91,98,98,139,146,167,171,187,194,198,205,205,219,230,243,254,257,273,302,316,336,337,339,347,383,391,409,411,419,)(435,441,459,471,474,474,488,516,526,526,549,553,557,576,584,587,598,635,663,672,691,697,712,733,734,740,742,801,821,842,847,897,901,913,930,955,960,978,984,)
ERROR: Not Found: 861
ERROR: Not Found: 261
ERROR: Not Found: 19
(0,3,16,29,36,60,61,70,82,91,98,98,139,146,167,171,187,194,198,205,205,219,230,243,254,257,273,302,316,329,336,337,339,347,383,387,391,397,409,411,419,)(435,441,459,471,474,474,488,516,526,526,549,553,557,576,584,587,594,598,635,663,672,691,697,712,733,734,740,742,801,821,842,847,897,901,913,930,955,960,978,984,)
ERROR: Not Found: 506
ERROR: Not Found: 239
(0,3,16,29,36,55,60,61,70,82,91,98,98,139,146,167,171,187,194,198,205,205,219,230,243,254,257,273,292,302,316,329,336,337,339,347,383,387,391,397,409,411,419,)(435,441,459,469,471,474,474,488,516,526,526,549,553,557,576,584,587,594,598,635,663,672,691,697,712,733,734,740,742,801,821,837,842,847,897,901,913,930,948,955,960,978,984,)
(0,3,16,29,36,55,60,61,70,82,91,98,98,139,146,167,171,187,194,198,205,205,219,230,243,254,257,273,292,302,316,329,336,337,339,347,383,387,391,397,409,411,419,425,)(435,441,459,469,471,474,474,488,516,526,526,549,553,557,576,584,587,594,598,635,663,672,691,697,712,733,734,740,742,801,821,837,842,847,897,901,913,930,942,948,955,960,978,984,)
(0,3,16,29,36,55,60,61,70,82,91,98,98,139,146,167,171,187,194,198,205,205,219,230,243,254,257,273,292,302,316,329,336,337,339,347,383,387,391,397,409,411,419,425,)(435,441,459,469,471,474,474,488,516,526,526,549,553,557,576,584,587,594,598,635,663,672,691,697,712,733,734,740,742,801,821,837,842,847,897,901,913,930,942,948,955,960,978,984,)
ERROR: Not Found: 115
ERROR: Not Found: 356
ERROR: Not Found: 178
ERROR: Not Found: 963
(0,3,16,29,36,55,60,61,70,82,91,98,98,139,146,167,171,187,189,194,198,205,205,)(219,229,230,243,254,257,273,292,302,316,329,336,337,339,347,383,387,391,397,409,411,419,425,)(435,441,459,469,471,474,474,488,494,516,526,526,549,553,557,571,576,584,587,594,598,635,663,672,)(691,697,712,733,734,740,742,785,801,821,837,842,847,897,901,913,930,942,948,955,960,978,984,)
(0,3,8,16,29,36,55,60,61,70,82,91,98,98,139,146,167,171,187,189,194,198,205,205,)(219,220,229,230,243,254,257,257,273,292,302,316,329,336,337,339,347,383,387,391,397,409,411,419,425,)(435,441,459,469,471,474,474,488,494,516,526,526,549,553,557,571,576,584,587,594,598,635,663,672,)(691,697,712,733,734,740,742,785,801,819,821,837,842,847,897,901,913,930,942,948,955,960,978,984,)
ERROR: Not Found: 957
ERROR: Not Found: 853
ERROR: Not Found: 264
(0,3,8,16,29,36,55,60,61,70,82,91,98,98,100,139,146,161,167,171,187,189,194,198,205,205,)(219,220,229,230,243,254,257,257,273,292,302,316,329,336,337,339,347,383,387,391,392,397,409,411,419,425,)(435,441,459,469,471,474,474,488,494,516,526,526,539,549,553,557,561,571,576,584,587,594,598,612,635,652,663,672,688,)(691,697,712,733,734,740,742,785,801,806,819,821,837,842,842,842,847,853,897,901,913,930,942,948,955,960,978,984,)
ERROR: Not Found: 415
ERROR: Not Found: 79
(0,3,8,14,16,29,36,55,60,61,70,82,91,98,98,100,106,139,146,161,167,171,187,189,194,198,200,205,205,)(219,220,229,230,243,254,254,257,257,273,292,302,316,329,336,337,339,347,383,387,391,392,397,409,411,419,425,)(435,441,459,469,471,474,474,488,494,516,526,526,539,549,553,553,557,561,571,576,584,587,594,598,612,623,635,652,663,672,688,)(691,697,712,721,733,734,740,742,785,801,806,806,819,821,837,842,842,842,847,853,897,901,913,930,942,948,955,960,978,984,)
(0,3,8,14,16,29,36,55,60,61,70,82,91,98,98,100,106,139,146,161,167,171,187,189,194,198,200,205,205,)(219,220,229,230,243,254,254,257,257,273,292,302,316,329,336,337,339,347,383,387,391,392,397,409,411,419,425,)(435,441,459,469,471,474,474,488,494,516,526,526,539,549,553,553,557,561,571,576,584,587,594,598,612,623,635,652,663,672,688,)(691,697,712,721,733,734,740,742,785,801,806,806,819,821,837,842,842,842,847,853,897,901,913,930,942,948,955,960,978,984,)
(0,3,8,14,16,29,36,55,60,61,70,82,91,98,98,100,106,139,146,161,167,171,187,189,194,198,200,205,205,)(219,220,229,230,243,254,254,257,257,273,292,302,316,329,336,337,339,347,383,387,391,392,397,409,411,419,425,)(435,441,459,469,471,474,474,488,494,516,526,526,539,549,553,553,557,561,571,576,584,587,594,598,612,623,635,652,663,672,688,)(691,697,712,721,733,734,740,742,785,801,806,806,819,821,837,842,842,842,847,853,897,901,913,930,942,948,955,960,978,984,)
ERROR: Not Found: 309
ERROR: Not Found: 59
(0,3,8,14,16,29,36,55,60,61,70,82,91,98,98,100,106,139,146,161,167,171,187,189,194,198,200,205,205,)(219,220,229,230,243,254,254,257,257,273,292,302,316,319,329,336,337,339,347,383,387,391,392,397,409,411,419,425,)(435,441,459,469,471,474,474,482,488,494,516,526,526,539,549,553,553,557,561,571,576,584,587,594,598,612,623,635,652,663,672,688,)(691,697,712,721,733,734,740,742,785,801,806,806,819,821,837,842,842,842,847,853,897,901,913,930,942,948,955,960,978,984,)
ERROR: Not Found: 399
(0,3,8,14,16,29,36,55,60,61,70,82,91,98,98,100,106,139,146,161,167,171,187,189,194,198,200,205,205,)(219,220,229,230,243,254,254,257,257,273,292,302,316,319,329,336,337,339,347,383,387,391,392,397,409,411,419,425,)(435,441,459,469,471,474,474,482,488,494,516,526,526,539,549,553,553,557,561,571,576,584,587,594,598,612,623,635,652,663,672,688,)(691,697,706,712,721,733,734,740,742,785,801,806,806,819,821,837,842,842,842,847,853,897,901,913,930,942,948,955,960,978,984,)
ERROR: Not Found: 592
(0,3,8,9,14,16,29,36,55,60,61,70,82,91,98,98,100,106,139,146,161,167,171,187,189,194,198,200,205,205,)(219,220,229,230,243,254,254,257,257,273,292,302,316,319,329,336,337,339,347,377,383,387,391,392,397,408,409,411,419,425,)(435,441,459,469,471,474,474,482,488,494,516,526,526,539,549,553,553,557,561,571,576,584,587,594,598,612,623,633,635,652,663,672,688,)(691,697,706,712,721,733,734,736,740,742,785,801,806,806,819,821,837,842,842,842,847,853,897,901,913,930,942,948,955,960,978,984,)
ERROR: Not Found: 381
ERROR: Not Found: 920
ERROR: Not Found: 988
(0,3,8,9,14,16,29,36,55,60,61,62,70,82,91,98,98,100,106,139,146,161,167,171,187,189,190,194,198,200,205,205,)(219,220,229,230,243,254,254,257,257,273,292,302,316,319,329,336,337,339,347,377,383,387,391,392,397,408,409,411,419,425,)(435,441,459,469,471,474,474,482,488,494,516,526,526,539,549,553,553,557,561,571,576,584,587,594,598,612,623,633,635,652,663,672,688,)(691,697,706,712,721,733,734,736,740,742,785,801,806,806,819,821,837,842,842,842,847,853,897,901,913,930,942,948,955,960,978,984,)
(0,3,8,9,14,16,29,36,55,60,61,62,70,82,91,98,98,100,106,139,146,161,167,171,187,189,190,194,198,200,205,205,)(219,220,229,230,243,254,254,257,257,273,292,302,316,319,329,336,337,339,347,377,383,387,391,392,397,408,409,411,419,425,)(435,441,459,469,471,474,474,482,488,494,516,526,526,539,549,553,553,557,561,571,576,584,587,594,598,612,623,633,635,652,663,672,688,)(691,697,706,712,721,733,734,736,740,742,785,801,806,806,819,821,837,842,842,842,847,853,892,897,901,913,930,942,948,955,960,978,984,)
(0,3,8,9,14,16,29,36,55,60,61,62,70,82,91,98,98,100,106,139,146,161,167,171,187,189,190,194,198,200,205,205,)(219,220,229,230,243,254,254,257,257,273,292,302,316,319,329,336,337,339,347,377,383,387,391,392,397,408,409,411,419,425,)(435,441,459,469,471,474,474,482,488,494,516,526,526,539,549,553,553,557,561,571,576,584,587,594,598,612,623,633,635,652,663,672,688,)(691,697,706,712,721,733,734,736,740,742,785,801,806,806,819,821,837,842,842,842,847,853,892,897,901,913,930,942,948,955,960,978,984,)
(0,3,8,9,14,16,29,36,55,60,61,62,70,82,91,98,98,100,106,139,146,161,167,171,187,189,190,194,198,200,205,205,)(219,220,229,230,243,254,254,257,257,273,292,302,316,319,329,336,337,339,347,377,383,387,391,392,397,408,409,411,419,425,)(435,441,459,469,471,474,474,482,488,494,516,526,526,539,549,553,553,557,561,571,576,584,587,594,598,612,623,633,635,652,663,672,688,)(691,697,706,712,721,733,734,736,740,742,785,801,806,806,819,821,837,842,842,842,847,853,892,897,901,913,930,942,948,955,960,978,984,)
(0,3,8,9,14,16,29,36,55,60,61,62,70,82,91,98,98,100,106,139,146,161,167,171,181,187,189,190,194,198,200,205,205,)(219,220,229,230,243,254,254,257,257,273,292,302,316,319,329,336,337,339,347,377,383,387,391,392,397,408,409,411,419,425,)(435,441,459,469,471,474,474,482,488,494,516,526,526,539,549,553,553,557,561,571,576,584,587,594,598,612,623,633,635,652,663,672,688,)(691,697,706,712,721,733,734,736,740,742,785,801,806,806,819,821,837,842,842,842,847,853,892,897,901,913,930,942,948,955,960,978,984,)
(0,3,8,9,14,16,29,36,55,60,61,62,70,82,91,98,98,100,106,139,146,161,167,171,181,187,189,190,194,198,200,205,205,)(219,220,229,230,243,254,254,257,257,273,292,302,316,319,329,336,337,339,347,377,383,387,391,392,397,408,409,411,419,425,)(435,441,459,469,471,474,474,482,488,494,516,526,526,539,549,553,553,557,561,571,576,584,587,594,598,612,623,633,635,652,663,672,688,)(691,697,706,712,721,733,734,736,740,742,785,801,806,806,819,821,837,842,842,842,847,853,892,897,901,913,930,942,948,955,960,978,984,)
ERROR: Not Found: 767
(0,3,8,9,14,16,29,36,55,60,61,62,70,82,91,98,98,100,106,139,146,161,167,171,181,187,189,190,194,198,200,205,205,)(219,220,229,230,243,254,254,257,257,273,292,294,302,316,319,329,336,337,339,347,377,383,387,391,392,397,408,409,411,419,425,)(435,441,459,469,471,474,474,482,488,494,516,526,526,539,549,553,553,557,561,571,576,584,587,594,598,612,623,633,635,652,663,672,688,)(691,697,706,712,721,733,734,736,740,742,771,785,801,806,806,819,821,837,842,842,842,847,853,892,897,901,913,930,942,948,955,960,978,984,)
ERROR: Not Found: 413
(0,3,8,9,14,16,29,36,55,60,61,62,70,82,91,98,98,100,106,139,146,161,167,171,181,187,189,190,194,198,200,205,205,208,)(219,220,229,230,243,254,254,255,257,257,273,292,294,302,316,319,329,336,337,339,347,377,383,387,391,392,397,408,409,411,419,425,)(435,441,459,469,471,474,474,482,488,494,516,526,526,539,549,553,553,557,561,571,576,584,587,594,598,612,623,633,635,652,663,672,688,)(691,697,706,712,721,733,734,736,740,742,771,785,801,806,806,819,821,837,842,842,842,847,853,892,897,901,913,930,942,948,955,960,978,984,)
ERROR: Not Found: 111
ERROR: Not Found: 287
(0,3,8,9,14,16,29,36,55,60,61,62,70,82,91,98,98,100,106,139,146,161,167,169,171,181,187,189,190,194,198,200,205,205,208,)(219,220,229,230,243,254,254,255,257,257,273,292,294,302,316,319,329,336,337,339,347,377,383,387,391,392,397,399,408,409,411,419,425,)(435,441,459,469,471,474,474,482,488,494,516,526,526,539,549,553,553,557,561,571,576,584,587,594,598,612,623,633,635,652,663,672,688,)(691,697,706,712,721,733,734,736,740,742,771,785,801,802,806,806,819,821,837,842,842,842,847,853,892,897,901,913,930,942,948,955,960,978,984,)
(0,3,8,9,14,16,29,36,55,60,61,62,70,82,91,98,98,100,106,139,146,161,167,169,171,181,187,189,190,194,198,200,205,205,208,)(219,220,229,230,243,254,254,255,257,257,273,292,294,302,316,319,329,336,337,339,347,377,383,387,391,392,397,399,408,409,411,419,425,)(435,441,459,469,471,474,474,482,488,494,516,526,526,539,549,553,553,557,561,571,576,584,587,594,598,612,623,633,635,652,663,672,688,)(691,697,706,712,721,733,734,736,740,742,771,785,801,802,806,806,819,821,837,842,842,842,847,853,892,897,901,913,930,942,942,948,955,960,978,984,)
(0,3,8,9,14,16,29,36,55,60,61,62,70,82,91,98,98,100,106,139,146,161,167,169,171,181,187,189,190,194,198,200,205,205,208,208,)(219,220,229,230,243,254,254,254,255,257,257,273,292,294,302,316,319,329,336,337,339,347,377,383,387,391,392,397,399,408,409,411,419,425,)(435,441,459,469,471,474,474,482,488,494,516,526,526,539,549,553,553,557,561,571,576,584,587,594,598,612,623,633,635,652,663,672,688,)(691,697,706,712,721,733,734,736,740,742,771,785,801,802,806,806,819,821,837,839,842,842,842,847,853,892,897,901,913,930,942,942,948,955,960,978,984,)
(0,3,8,9,14,16,29,36,55,60,61,62,70,82,91,98,98,100,106,139,146,161,167,169,171,181,187,189,190,194,198,200,205,205,208,208,)(219,220,229,230,243,254,254,254,255,257,257,273,292,294,302,316,319,329,336,337,339,347,377,383,387,391,392,397,399,408,409,411,419,425,)(435,441,459,469,471,474,474,482,488,494,516,526,526,539,549,553,553,557,561,571,576,584,587,594,598,612,623,633,635,652,663,672,688,)(691,697,706,712,721,733,734,736,740,742,750,771,785,801,802,806,806,819,821,837,839,842,842,842,847,853,892,897,901,913,930,942,942,948,955,960,978,984,)
(0,3,8,9,14,16,29,36,55,60,61,62,70,82,91,98,98,100,106,139,146,161,167,169,171,181,187,189,190,194,198,200,205,205,208,208,)(219,220,229,230,243,254,254,254,255,257,257,273,292,294,302,316,319,329,336,337,339,347,377,383,387,391,392,397,399,408,409,411,419,425,)(435,441,459,469,471,474,474,482,488,494,516,526,526,539,549,553,553,557,561,571,576,584,587,594,598,612,623,633,635,652,663,672,688,)(691,697,706,712,721,733,734,736,740,742,750,771,785,800,801,802,806,806,819,821,837,839,842,842,842,847,853,892,897,901,913,930,942,942,948,955,960,978,984,)
ERROR: Not Found: 362
(0,3,8,9,14,16,29,36,55,60,61,62,70,82,91,98,98,100,106,139,146,161,167,169,171,181,187,189,190,194,198,200,205,205,208,208,)(219,220,229,230,243,254,254,254,255,257,257,273,292,294,302,316,319,329,336,337,339,347,377,383,387,391,392,397,399,408,409,411,419,425,)(435,441,459,469,471,474,474,482,488,494,516,526,526,539,549,553,553,557,561,571,576,584,587,594,598,612,623,633,635,652,663,672,688,)(691,697,706,712,721,733,734,736,740,742,750,771,785,800,801,802,806,806,819,821,837,839,842,842,842,847,853,892,897,901,913,930,942,942,948,955,960,978,984,)
ERROR: Not Found: 382
ERROR: Not Found: 291
(0,3,8,9,14,16,29,36,44,55,60,61,62,70,72,82,91,98,98,100,106,123,139,146,161,167,169,171,175,181,187,189,190,194,198,200,205,205,208,208,)(219,220,229,230,243,254,254,254,255,257,257,273,292,294,302,316,319,329,336,337,339,347,377,383,387,391,392,394,397,399,408,409,411,419,425,)(435,441,459,469,471,474,474,482,488,494,516,526,526,539,549,553,553,557,561,571,576,584,587,594,598,612,623,633,635,652,663,672,688,)(691,697,706,712,721,733,734,736,740,742,750,771,785,793,800,801,802,806,806,819,821,837,839,842,842,842,847,853,892,897,901,913,930,942,942,948,955,960,975,978,984,)
ERROR: Not Found: 367
(0,3,8,9,14,16,29,36,36,44,55,60,61,62,70,72,82,91,98,98,100,100,106,123,139,146,161,167,169,171,175,181,187,189,190,194,198,200,205,205,208,208,)(219,220,229,230,243,254,254,254,255,257,257,273,292,294,302,316,319,329,336,337,339,347,377,383,387,391,392,394,397,399,399,408,409,411,419,425,)(435,441,459,469,471,474,474,482,488,491,494,516,526,526,539,549,553,553,557,561,571,576,584,587,594,598,612,623,633,635,652,659,663,672,688,)(691,697,706,712,721,733,734,736,740,742,750,771,785,793,800,801,802,806,806,819,821,837,839,842,842,842,847,853,892,897,901,913,930,942,942,948,955,960,975,978,984,)
ERROR: Not Found: 869
(0,3,8,9,14,16,29,35,36,36,44,55,60,61,62,70,72,82,91,98,98,100,100,)(106,123,139,146,146,161,167,169,171,175,181,187,189,190,194,198,200,205,205,208,208,210,)(219,220,229,230,235,243,254,254,254,255,255,257,257,273,292,294,302,305,316,319,329,336,337,339,347,377,383,387,391,392,394,397,399,399,408,409,411,413,419,425,)(435,441,459,469,471,474,474,482,488,491,494,495,516,526,526,539,549,553,553,557,561,571,576,584,587,594,598,612,623,633,635,642,652,656,659,663,672,688,)(691,697,706,712,721,733,734,736,740,742,750,771,785,793,800,801,802,806,806,819,821,837,839,842,842,842,847,853,892,897,901,913,930,942,942,948,955,960,975,978,984,)
(0,3,8,9,14,16,29,35,36,36,44,55,60,61,62,70,72,82,91,98,98,100,100,)(106,123,139,146,146,161,167,169,171,175,181,187,189,190,194,198,200,205,205,208,208,210,)(219,220,229,230,235,243,254,254,254,255,255,257,257,273,292,294,302,305,316,319,329,336,337,339,347,377,383,387,391,392,394,397,399,399,408,409,411,413,419,425,)(435,441,459,469,471,474,474,482,488,491,494,495,516,526,526,539,549,553,553,557,561,571,576,584,587,594,598,612,623,633,635,642,652,656,659,663,672,688,)(691,697,706,712,721,733,734,736,740,742,750,771,785,793,800,801,802,806,806,819,821,837,839,842,842,842,847,853,892,897,901,913,930,942,942,948,955,960,975,978,984,)
ERROR: Not Found: 357
ERROR: Not Found: 27
(0,3,8,9,14,16,29,35,36,36,44,55,60,61,62,70,72,82,91,98,98,100,100,)(106,123,139,146,146,161,167,169,171,175,181,187,189,190,194,198,200,205,205,208,208,210,)(219,220,229,230,235,243,254,254,254,255,255,257,257,273,292,294,302,305,316,319,329,336,337,339,347,377,383,387,391,392,394,397,399,399,408,409,411,413,419,425,)(435,441,459,462,469,471,474,474,482,488,491,494,495,516,526,526,539,549,553,553,557,561,571,576,584,587,594,598,612,623,633,635,642,652,656,659,663,672,688,)(691,697,706,712,721,733,734,736,740,742,750,771,785,793,800,801,802,806,806,819,821,837,839,842,842,842,847,853,892,897,901,913,930,942,942,948,955,960,975,978,978,984,)
ERROR: Not Found: 256
ERROR: Not Found: 925
(0,3,8,9,14,16,29,35,36,36,44,55,60,61,62,70,72,82,91,98,98,100,100,)(106,123,139,146,146,161,167,169,171,175,181,187,189,190,194,198,200,205,205,208,208,210,)(219,220,229,230,235,243,254,254,254,255,255,257,257,273,292,294,302,305,316,319,329,336,337,339,347,377,383,387,391,392,394,397,399,399,408,409,411,413,419,425,)(435,441,459,462,469,471,474,474,482,488,491,494,495,516,526,526,539,549,553,553,557,561,571,576,584,587,594,598,612,623,633,635,642,652,656,659,663,672,688,)(691,697,706,712,721,733,734,736,740,742,750,771,785,793,800,801,802,806,806,819,821,837,839,842,842,842,847,853,892,897,901,913,930,942,942,948,955,960,975,978,978,984,)
ERROR: Not Found: 28
ERROR: Not Found: 95ERROR: Not Found: 
547
(0,3,8,9,14,16,29,35,36,36,44,55,60,61,62,70,72,82,91,98,98,100,100,)(106,123,130,139,146,146,161,167,169,171,175,181,187,189,190,191,194,198,200,205,205,208,208,210,)(219,220,229,230,235,243,254,254,254,255,255,257,257,273,292,294,302,305,316,319,329,336,337,339,347,377,383,387,391,392,394,397,399,399,408,409,411,413,419,425,)(435,441,451,459,462,469,471,474,474,482,488,491,494,495,516,526,526,539,549,553,553,557,561,571,576,584,587,594,598,612,623,633,635,642,652,656,659,659,663,672,679,688,)(691,697,706,712,721,733,734,736,740,742,750,771,785,793,800,801,802,806,806,819,821,837,839,842,842,842,843,847,853,858,892,897,901,913,930,942,942,948,955,960,975,978,978,984,)
(0,3,8,9,14,16,29,35,36,36,44,55,60,61,62,70,72,82,91,98,98,100,100,)(106,123,130,139,146,146,161,167,169,171,175,181,187,189,190,191,194,198,200,205,205,208,208,210,)(219,220,229,230,235,243,254,254,254,255,255,257,257,273,292,294,302,305,316,319,329,336,337,339,347,377,383,387,391,392,394,397,399,399,408,409,411,413,419,425,)(435,441,451,459,462,469,471,474,474,482,488,491,494,495,516,526,526,539,549,553,553,557,561,571,576,584,587,594,598,612,623,633,635,642,652,656,659,659,663,672,679,688,)(691,697,706,712,721,733,734,736,740,742,750,771,785,793,800,801,802,806,806,819,821,837,839,842,842,842,843,847,853,858,892,897,901,913,930,942,942,948,955,960,975,978,978,984,)
ERROR: Not Found: 737
ERROR: Not Found: 374
(0,3,8,9,14,16,29,35,36,36,44,55,60,61,62,70,72,82,91,98,98,100,100,)(106,123,130,139,146,146,161,167,169,171,175,181,187,189,190,191,194,198,200,205,205,208,208,210,)(219,220,229,230,235,243,254,254,254,255,255,257,257,259,273,292,294,302,305,316,319,329,336,337,339,347,377,383,387,391,392,394,397,399,399,408,409,411,413,419,425,)(435,441,451,459,462,469,471,474,474,482,488,491,494,495,516,526,526,539,549,553,553,557,561,571,576,577,584,587,594,598,612,623,633,635,642,652,656,659,659,663,672,679,688,)(691,697,706,712,721,733,734,736,740,742,750,771,785,793,794,800,801,802,806,806,819,821,837,)(839,842,842,842,843,847,853,858,892,897,901,913,930,942,942,948,955,960,975,978,978,984,993,)
ERROR: Not Found: 318
ERROR: Not Found: 256
(0,3,8,9,14,16,29,35,36,36,44,55,60,61,62,70,72,82,91,98,98,100,100,)(106,123,130,139,146,146,161,167,169,171,175,181,187,189,190,191,194,198,200,205,205,208,208,210,)(219,220,229,230,235,243,254,254,254,255,255,257,257,259,273,292,294,302,305,316,319,329,336,337,339,347,377,383,387,391,392,394,397,399,399,408,409,411,413,419,425,)(435,441,451,459,462,469,471,474,474,482,488,491,494,495,516,526,526,539,549,552,553,553,557,561,571,576,577,584,587,594,598,612,623,633,635,642,652,656,659,659,663,672,679,688,)(691,697,706,712,721,733,734,736,740,742,750,771,785,793,794,800,801,802,806,806,819,821,837,)(839,842,842,842,843,847,853,858,892,897,901,913,930,942,942,948,955,960,975,978,978,984,993,)
ERROR: Not Found: 898
ERROR: Not Found: 19
ERROR: Not Found: 532
ERROR: Not Found: 101
(0,3,8,9,14,16,29,35,36,36,44,55,60,61,62,70,72,82,88,91,98,98,100,100,100,)(106,123,130,139,146,146,161,167,169,171,175,181,187,189,189,190,191,194,196,198,200,205,205,208,208,210,)(219,220,229,230,235,243,254,254,254,255,255,257,257,259,273,292,294,302,305,316,319,329,336,337,339,347,377,382,383,387,391,392,394,397,399,399,408,409,411,413,419,425,)(435,441,451,459,462,469,471,474,474,482,488,491,493,494,495,516,526,526,539,549,552,553,553,)(557,561,571,576,577,584,587,594,598,612,623,633,635,642,652,656,659,659,663,672,679,688,)(691,697,706,712,721,733,734,736,740,742,750,771,785,793,794,794,800,801,802,806,806,819,821,837,)(839,842,842,842,843,847,853,858,892,897,901,913,930,942,942,948,955,960,975,978,978,984,993,)
ERROR: Not Found: 405
ERROR: Not Found: 769
ERROR: Not Found: 151
(0,3,8,9,14,16,29,35,36,36,44,55,60,61,62,70,72,82,88,91,98,98,100,100,100,)(106,123,130,139,146,146,161,167,169,171,175,181,187,189,189,190,191,194,196,198,200,205,205,208,208,210,)(219,220,229,230,235,243,254,254,254,255,255,257,257,259,273,292,294,302,305,316,319,329,336,337,339,347,377,382,383,387,391,392,394,397,399,399,408,409,411,413,419,425,)(435,441,451,459,462,469,471,474,474,482,488,491,493,494,495,498,516,526,526,539,549,552,553,553,)(557,561,571,576,577,584,587,594,598,612,623,633,635,642,652,656,659,659,663,672,679,688,)(691,697,706,712,721,733,734,736,740,742,748,750,771,785,793,794,794,800,801,802,806,806,819,821,825,837,)(839,842,842,842,843,847,853,858,892,897,901,913,930,942,942,948,955,960,975,978,978,984,988,993,)
(0,3,8,9,14,16,29,35,36,36,44,55,60,61,62,70,72,82,88,91,91,98,98,100,100,100,)(106,123,128,130,139,146,146,161,167,169,171,175,181,187,189,189,190,191,194,196,198,200,205,205,208,208,210,)(219,220,229,230,235,243,254,254,254,255,255,257,257,259,273,292,294,302,305,316,319,329,336,337,339,347,377,382,383,387,391,392,394,397,399,399,408,409,411,413,419,423,425,)(435,441,451,459,462,469,471,474,474,482,488,491,493,494,495,498,516,526,526,539,549,552,553,553,)(557,561,571,576,577,584,587,594,598,612,623,633,635,642,652,656,659,659,663,672,679,688,)(691,697,706,712,721,733,734,736,740,742,748,750,771,785,793,794,794,800,801,802,806,806,819,821,825,837,)(839,842,842,842,843,847,853,858,892,897,901,905,913,930,932,942,942,948,955,960,975,978,978,984,988,993,)
(0,3,8,9,14,16,29,35,36,36,44,55,60,61,62,70,72,82,88,91,91,98,98,100,100,100,)(106,123,128,130,139,146,146,161,167,169,171,175,181,187,189,189,190,191,194,196,198,200,205,205,208,208,210,)(219,220,229,230,235,243,254,254,254,255,255,257,257,259,273,292,294,302,305,316,319,329,336,337,339,347,377,382,383,387,391,392,394,397,399,399,408,409,411,413,419,423,425,)(435,441,451,459,462,469,471,474,474,482,488,491,493,494,495,498,516,526,526,539,549,552,553,553,)(557,561,571,576,577,584,587,594,598,612,623,633,635,642,652,656,659,659,663,672,679,688,)(691,697,706,712,721,733,734,736,740,742,748,750,771,785,793,794,794,800,801,802,806,806,819,821,825,837,)(839,842,842,842,843,847,853,858,892,897,901,905,913,930,932,942,942,948,955,960,975,978,978,984,988,993,)
ERROR: Not Found: 617
ERROR: Not Found: 89
ERROR: Not Found: 762
(0,3,8,9,14,16,29,35,36,36,44,55,60,61,62,70,72,82,88,91,91,98,98,100,100,100,)(106,123,128,130,139,146,146,161,167,169,171,175,181,187,189,189,190,191,194,196,198,200,205,205,208,208,210,)(219,220,229,230,235,243,254,254,254,255,255,257,257,259,273,292,294,302,305,316,319,329,336,337,339,347,377,382,383,387,391,392,394,397,399,399,408,409,411,413,419,423,425,)(435,441,451,459,462,469,471,474,474,482,488,491,493,494,495,498,499,516,526,526,539,549,552,553,553,)(557,561,571,576,577,584,587,594,598,612,623,633,635,642,652,656,659,659,663,672,679,688,)(691,697,706,712,721,733,734,736,740,742,748,750,754,769,771,785,793,794,794,800,801,802,806,806,819,821,825,837,)(839,842,842,842,843,847,853,858,892,897,901,905,913,930,932,942,942,948,955,960,975,978,978,984,988,993,)
(0,3,8,9,14,16,29,35,36,36,44,55,60,61,62,70,72,82,88,91,91,98,98,100,100,100,)(106,123,128,130,139,146,146,161,167,169,171,175,181,187,189,189,190,191,194,196,198,200,205,205,208,208,210,)(219,220,229,230,235,243,254,254,254,255,255,257,257,259,273,292,294,302,305,316,319,329,336,337,339,347,377,382,383,387,391,392,394,397,399,399,408,409,411,413,419,423,425,)(435,441,451,459,462,469,471,474,474,482,488,491,493,494,495,498,499,516,526,526,539,549,552,553,553,)(557,561,571,576,577,584,587,594,598,612,623,633,635,642,652,656,659,659,663,672,679,688,)(691,697,706,712,721,733,734,736,740,742,748,750,754,769,771,785,793,794,794,800,801,802,806,806,819,821,825,837,)(839,842,842,842,843,847,853,858,892,897,901,905,913,930,932,942,942,948,955,960,975,978,978,984,988,993,)
ERROR: Not Found: 665
(0,3,8,9,14,16,29,35,36,36,44,55,60,61,62,70,72,73,82,88,91,91,98,98,100,100,100,)(106,123,128,130,139,146,146,161,167,169,171,175,181,187,189,189,190,191,194,196,198,200,205,205,208,208,210,)(219,220,229,230,235,243,252,254,254,254,255,255,257,257,259,273,292,294,302,305,316,319,)(329,336,337,339,347,377,382,383,387,391,392,394,397,399,399,405,408,409,411,413,419,423,425,)(435,441,451,459,462,469,471,474,474,482,488,491,493,494,495,498,499,516,526,526,539,541,549,552,553,553,)(557,561,571,576,577,584,587,594,598,612,623,633,635,642,652,656,659,659,663,672,679,688,)(691,697,706,712,721,733,734,736,740,742,748,750,754,769,771,785,793,794,794,800,801,802,806,806,806,819,821,825,837,)(839,842,842,842,843,847,853,858,871,892,897,901,905,913,930,932,942,942,948,955,960,975,978,978,984,988,993,)
(0,3,8,9,14,16,29,35,36,36,44,55,60,61,62,70,72,73,82,88,91,91,98,98,100,100,100,)(106,123,128,130,139,146,146,161,167,169,171,175,181,187,189,189,190,191,194,196,198,200,205,205,208,208,210,)(219,220,229,230,235,243,252,254,254,254,255,255,257,257,259,273,292,294,302,305,316,319,)(329,336,337,339,347,377,382,383,387,391,392,394,397,399,399,405,408,409,411,413,419,423,425,)(435,441,451,459,462,469,471,474,474,482,488,491,493,494,495,498,499,516,526,526,539,541,549,552,553,553,)(557,561,571,576,577,584,587,594,598,612,623,633,635,642,652,656,659,659,663,672,679,688,)(691,697,706,712,721,733,734,736,740,742,748,750,754,769,771,785,793,794,794,800,801,802,806,806,806,819,821,825,837,)(839,842,842,842,843,847,853,858,871,892,897,901,905,913,930,932,942,942,948,955,960,975,978,978,984,988,993,)
(0,3,8,9,14,16,29,35,36,36,44,55,60,61,62,70,72,73,82,88,91,91,98,98,100,100,100,)(106,123,128,130,139,146,146,161,167,169,171,175,181,187,189,189,190,191,194,196,198,200,205,205,208,208,210,)(219,220,229,230,235,243,252,254,254,254,255,255,257,257,259,273,292,294,302,305,316,319,)(329,336,337,339,347,377,382,383,387,391,392,394,397,399,399,405,408,409,411,413,419,423,425,)(435,441,451,459,462,469,471,474,474,482,488,491,493,494,495,498,499,516,526,526,539,541,549,552,553,553,)(557,561,571,576,577,584,587,594,598,612,623,633,635,642,652,656,659,659,663,672,679,688,)(691,697,706,712,721,733,734,736,740,742,748,750,754,769,771,785,793,794,794,800,801,802,806,806,806,819,821,825,837,)(839,842,842,842,843,847,853,858,871,892,897,901,905,913,930,932,942,942,948,955,960,975,978,978,984,988,993,)
ERROR: Not Found: 174
(0,3,8,9,14,16,29,35,36,36,44,55,60,61,62,70,72,73,82,88,91,91,98,98,100,100,100,)(106,123,128,130,139,146,146,161,167,169,171,175,181,187,189,189,190,191,194,196,198,200,205,205,208,208,210,)(219,220,229,230,235,243,252,254,254,254,255,255,257,257,259,273,292,294,302,305,316,319,)(329,336,337,339,347,377,382,383,387,391,392,394,397,399,399,405,408,409,411,413,419,423,425,)(435,441,451,459,462,469,471,474,474,482,488,491,493,494,495,498,499,516,526,526,539,541,549,552,553,553,)(557,561,571,576,577,584,587,594,598,612,623,633,635,642,652,656,659,659,663,672,679,688,)(691,697,706,712,721,733,734,736,740,742,748,750,754,769,771,785,793,794,794,800,801,802,806,806,806,819,821,825,837,)(839,842,842,842,843,847,853,858,871,892,897,901,905,913,930,932,942,942,948,955,960,975,978,978,984,988,993,)
ERROR: Not Found: 455
ERROR: Not Found: 134
(0,3,8,9,14,16,29,35,36,36,44,55,60,61,62,70,72,73,82,88,91,91,98,98,100,100,100,)(106,123,128,130,139,146,146,161,167,169,171,175,181,187,189,189,190,191,194,196,198,200,205,205,208,208,210,)(219,220,229,230,235,243,252,254,254,254,255,255,257,257,259,273,292,294,302,305,316,319,)(329,336,337,339,347,377,382,383,387,391,392,394,397,399,399,405,408,409,411,413,419,423,425,)(435,441,451,459,462,464,469,471,474,474,482,488,491,493,494,495,498,499,516,526,526,539,541,549,552,553,553,)(557,561,571,576,577,584,587,594,598,612,623,631,633,635,642,652,656,659,659,663,672,679,688,)(691,697,706,712,721,733,734,736,740,742,748,750,754,769,771,785,793,794,794,800,801,802,806,806,806,819,821,825,837,)(839,842,842,842,843,847,853,858,871,892,897,901,905,913,930,932,942,942,948,955,960,975,978,978,984,988,993,)
(0,3,8,9,14,16,29,35,36,36,44,55,60,61,62,70,72,73,82,88,91,91,98,98,100,100,100,)(106,123,128,130,139,146,146,161,167,169,171,175,181,187,189,189,190,191,194,196,198,200,205,205,208,208,210,)(219,220,229,230,235,243,252,254,254,254,255,255,257,257,259,273,292,294,302,305,316,319,)(329,336,337,339,347,377,382,383,387,391,392,394,397,399,399,405,408,409,411,413,419,423,425,)(435,441,451,459,462,464,469,471,474,474,482,488,491,493,494,495,498,499,516,526,526,539,541,549,552,553,553,)(557,561,571,576,577,584,587,594,598,612,623,631,633,635,642,652,656,659,659,663,672,679,688,)(691,697,706,712,721,733,734,736,740,742,748,750,754,769,771,785,793,794,794,800,801,802,806,806,806,819,821,825,837,)(839,842,842,842,843,847,853,858,871,892,897,901,905,913,930,932,942,942,948,955,960,975,978,978,984,988,993,)
ERROR: Not Found: 475
ERROR: Not Found: 949
(0,3,8,9,14,16,29,35,36,36,44,55,60,61,62,70,72,73,82,88,91,91,98,98,100,100,100,)(106,123,128,130,139,146,146,161,167,169,171,175,181,187,189,189,190,191,194,196,198,200,205,205,208,208,210,)(219,220,229,230,235,243,252,254,254,254,255,255,257,257,259,273,292,294,302,305,316,319,)(329,336,337,339,347,377,382,383,387,391,392,394,397,399,399,405,408,409,411,413,419,423,425,)(435,441,451,459,462,464,469,471,474,474,482,488,491,493,494,495,498,499,509,516,526,526,539,541,549,552,553,553,)(557,561,571,576,577,579,584,587,594,598,612,623,631,633,635,642,652,656,659,659,663,672,679,688,)(691,697,706,712,721,733,734,736,740,742,748,750,754,769,771,785,793,794,794,800,801,802,806,806,806,819,821,825,837,)(839,842,842,842,843,847,853,858,871,892,897,901,905,913,930,932,942,942,948,955,960,975,978,978,984,988,989,993,)
ERROR: Not Found: 390
(0,3,8,9,14,16,29,35,36,36,44,55,60,61,62,70,72,73,82,88,91,91,98,98,100,100,100,)(106,123,128,130,139,146,146,161,167,169,171,175,181,187,189,189,190,191,194,195,196,198,200,205,205,208,208,210,)(219,220,229,230,235,243,252,254,254,254,255,255,257,257,259,273,292,294,302,305,316,319,)(329,336,337,339,347,377,382,383,387,391,392,394,397,399,399,405,408,409,411,413,419,423,425,)(435,441,451,459,462,464,469,471,474,474,482,488,491,493,494,495,498,499,509,516,526,526,539,541,549,552,553,553,)(557,561,571,576,577,579,584,587,594,598,612,620,623,631,633,635,642,652,656,659,659,663,672,679,688,)(691,697,706,712,721,733,734,736,740,742,748,750,754,769,771,785,793,794,794,800,801,802,806,806,806,819,821,825,837,)(839,842,842,842,843,847,853,858,871,892,897,901,905,913,930,932,942,942,948,955,960,975,978,978,984,988,989,993,)
(0,3,8,9,14,16,29,35,35,36,36,44,55,60,61,62,70,72,73,82,88,91,91,98,98,100,100,100,)(106,123,128,130,139,146,146,161,167,169,171,175,181,187,189,189,190,191,194,195,196,198,200,205,205,208,208,210,)(219,220,229,230,235,243,252,254,254,254,255,255,257,257,259,273,292,294,302,305,316,319,)(329,336,337,339,347,377,379,382,383,387,391,392,394,397,399,399,405,408,409,411,413,419,423,425,)(435,441,446,451,459,462,464,469,471,474,474,482,488,491,493,494,495,498,499,509,516,526,526,539,541,549,552,553,553,)(557,561,571,576,577,579,584,587,594,595,598,612,620,623,631,633,635,642,652,656,659,659,663,672,679,688,)(691,697,706,712,715,721,733,734,736,740,742,748,750,754,769,771,785,793,794,794,800,801,802,806,806,806,819,821,825,837,)(839,842,842,842,843,847,853,858,871,892,897,901,905,913,923,930,932,942,942,948,955,960,965,975,978,978,984,988,989,993,)
ERROR: Not Found: 580
(0,3,8,9,14,16,29,35,35,36,36,44,55,60,61,62,70,72,73,82,88,91,91,98,98,100,100,100,)(106,123,128,130,139,146,146,161,167,169,171,175,181,187,189,189,190,191,194,195,196,198,200,205,205,208,208,210,)(219,220,229,230,235,243,252,254,254,254,255,255,257,257,259,273,292,294,302,305,316,319,)(329,336,337,339,347,377,379,382,383,387,391,392,394,397,399,399,405,408,409,411,413,419,423,425,)(435,441,446,451,459,462,464,469,471,474,474,482,488,491,493,494,495,498,499,509,516,526,526,539,541,549,552,553,553,)(557,561,571,576,577,579,584,587,594,595,598,612,620,623,631,633,635,642,652,656,659,659,663,672,673,679,688,)(691,697,706,712,715,721,733,734,736,740,742,748,750,754,769,771,785,793,794,794,800,801,802,806,806,806,819,821,825,837,)(839,842,842,842,843,847,853,858,871,892,897,899,901,905,913,923,930,932,942,942,948,955,960,965,975,978,978,984,988,989,993,)
(0,3,8,9,14,16,29,35,35,36,36,44,55,60,61,62,70,72,73,82,88,91,91,98,98,100,100,100,)(106,123,128,130,139,146,146,161,167,169,171,175,181,187,189,189,190,191,194,195,196,198,200,205,205,208,208,210,)(219,220,229,230,235,243,252,254,254,254,255,255,257,257,259,273,292,294,302,305,316,319,)(329,336,337,339,347,377,379,382,383,387,391,392,394,397,399,399,405,408,409,411,413,419,423,425,)(435,441,446,451,459,462,464,469,471,474,474,482,488,491,493,494,495,498,499,509,516,526,526,539,541,549,552,553,553,)(557,561,571,576,577,579,584,587,594,595,598,612,620,623,631,633,635,642,652,656,659,659,663,672,673,679,688,)(691,697,706,712,715,721,733,734,736,740,742,748,750,754,769,771,785,793,794,794,800,801,802,806,806,806,819,821,825,837,)(839,842,842,842,843,847,853,858,871,892,897,899,901,905,908,913,923,930,932,942,942,948,955,960,965,975,978,978,984,988,989,993,)
(0,3,8,9,14,16,29,35,35,36,36,44,55,60,61,62,70,72,73,82,88,91,91,98,98,100,100,100,)(106,123,128,130,139,146,146,161,167,169,171,175,181,187,189,189,190,191,194,195,196,198,200,205,205,208,208,210,)(219,220,229,230,235,243,252,254,254,254,255,255,257,257,259,273,292,294,302,305,316,319,)(329,336,337,339,347,377,379,382,383,387,391,392,394,397,399,399,405,408,409,411,413,419,423,425,)(435,441,446,451,459,462,464,469,471,474,474,482,488,491,493,494,495,498,499,509,516,526,526,539,541,549,552,553,553,)(557,561,571,576,577,579,584,587,594,595,598,612,620,623,631,633,635,642,652,656,659,659,663,672,673,679,688,)(691,697,706,712,715,721,733,734,736,740,742,748,750,754,769,771,785,793,794,794,800,801,802,806,806,806,819,821,825,837,)(839,842,842,842,843,847,853,858,871,875,892,897,899,901,905,908,913,923,930,932,942,942,948,955,960,965,975,978,978,984,988,989,993,)
ERROR: Not Found: 503
ERROR: Not Found: 885
ERROR: Not Found: 622
ERROR: Not Found: 371
ERROR: Not Found: 503
(0,3,8,9,14,16,29,35,35,36,36,44,55,60,61,62,70,72,73,82,88,91,91,98,98,100,100,100,)(106,123,128,130,139,146,146,161,167,169,171,175,181,187,189,189,190,191,194,195,196,198,200,205,205,208,208,210,)(219,220,229,230,235,243,252,254,254,254,255,255,257,257,259,273,292,294,302,305,316,319,)(329,336,337,339,347,377,379,382,383,387,391,392,394,397,399,399,405,408,409,411,413,419,423,425,)(435,441,446,451,459,462,464,469,471,474,474,482,488,491,493,494,495,498,499,509,516,526,526,539,541,549,552,553,553,)(557,561,571,576,577,579,584,587,594,595,598,612,613,620,623,631,633,635,642,652,656,659,659,663,672,673,679,688,)(691,697,706,712,715,721,727,733,734,736,740,742,748,750,752,754,769,771,785,793,794,794,800,801,802,806,806,806,819,821,825,837,)(839,842,842,842,843,847,853,858,871,875,892,897,899,901,905,908,913,923,930,932,942,942,948,955,960,965,975,978,978,984,988,989,993,)
(0,3,8,9,14,16,29,35,35,36,36,44,55,60,61,62,70,72,73,82,88,91,91,98,98,100,100,100,)(106,123,128,130,139,146,146,161,167,169,171,175,181,187,189,189,190,191,194,195,196,198,200,205,205,208,208,210,)(219,220,229,230,235,243,252,254,254,254,255,255,257,257,259,273,292,294,302,305,316,319,)(329,336,337,339,347,377,379,382,383,387,391,392,394,397,399,399,405,408,409,411,413,419,423,425,)(435,441,446,451,459,462,464,469,471,474,474,482,488,491,493,494,495,498,499,509,516,526,526,539,541,549,552,553,553,)(557,561,571,576,577,579,584,587,594,595,598,612,613,620,623,631,633,635,642,652,656,659,659,663,672,673,679,688,)(691,697,706,712,715,721,727,733,734,736,740,742,748,750,752,754,769,771,785,793,794,794,800,801,802,806,806,806,819,821,825,837,)(839,842,842,842,843,847,853,858,871,875,892,897,899,901,905,908,913,923,930,932,942,942,948,955,960,965,975,978,978,984,988,989,993,)
ERROR: Not Found: 481
ERROR: Not Found: 389
(0,3,8,9,14,16,29,35,35,36,36,44,55,60,61,62,70,72,73,82,88,91,91,98,98,100,100,100,)(106,123,128,130,139,146,146,154,161,167,169,171,175,181,187,189,189,190,191,194,195,196,198,200,205,205,208,208,210,)(219,220,229,230,235,243,252,254,254,254,255,255,257,257,259,273,292,294,302,305,316,319,)(329,336,337,339,347,363,377,379,382,383,387,391,392,394,397,399,399,405,408,409,411,413,419,423,425,)(435,441,446,451,459,462,464,469,471,474,474,476,482,488,491,493,494,495,498,499,509,516,526,526,539,541,549,552,553,553,)(557,561,571,576,577,579,584,587,594,595,598,612,613,620,623,631,633,635,642,652,656,659,659,663,672,673,679,688,)(691,697,706,712,715,721,727,733,734,736,740,742,748,750,752,752,752,754,769,771,785,793,794,794,800,801,802,806,806,806,819,821,825,837,)(839,842,842,842,843,847,853,858,871,875,892,897,899,901,905,908,913,923,930,932,942,942,948,955,960,965,975,978,978,984,988,989,993,)
(0,3,8,9,14,16,29,35,35,36,36,44,55,60,61,62,70,72,73,82,88,91,91,98,98,100,100,100,)(106,123,128,130,139,146,146,154,161,167,169,171,175,181,187,189,189,190,191,194,195,196,198,200,205,205,208,208,210,)(219,220,229,230,235,243,251,252,254,254,254,255,255,257,257,259,273,292,294,302,305,316,319,)(329,336,337,339,347,363,377,379,382,383,387,391,392,394,397,399,399,405,408,409,411,413,419,423,425,)(435,441,446,451,459,462,464,469,471,474,474,476,482,488,491,493,494,495,498,499,509,516,526,526,539,541,549,552,553,553,)(557,561,571,576,577,579,584,587,594,595,598,612,613,620,623,631,633,635,642,652,656,659,659,662,663,672,673,679,688,)(691,697,706,712,715,721,727,733,734,736,740,742,748,750,752,752,752,754,769,771,785,793,794,794,800,801,802,806,806,806,819,821,825,837,)(839,842,842,842,843,847,853,858,871,875,892,897,899,901,905,908,913,923,930,932,942,942,948,955,960,965,975,978,978,984,988,989,993,)
(0,3,8,9,14,16,29,35,35,36,36,44,55,60,61,62,70,72,73,82,88,91,91,98,98,100,100,100,)(106,123,128,130,139,146,146,154,161,167,169,171,175,181,187,189,189,190,191,194,195,196,198,200,205,205,208,208,210,)(219,220,229,230,235,243,251,252,254,254,254,255,255,257,257,259,273,292,294,302,305,316,319,)(329,336,337,339,347,363,377,379,382,383,387,391,392,394,397,399,399,405,408,409,411,413,419,423,425,)(435,441,446,451,459,462,464,469,471,474,474,476,482,488,491,493,494,495,498,499,509,516,526,526,539,541,549,552,553,553,)(557,561,571,576,577,579,584,587,594,595,598,612,613,620,623,631,633,635,642,652,656,659,659,662,663,672,673,679,688,)(691,697,706,712,715,721,727,733,734,736,740,742,748,750,752,752,752,754,769,771,785,793,794,794,800,801,802,806,806,806,819,821,825,837,)(839,842,842,842,843,847,853,858,871,875,892,897,899,901,905,908,913,923,930,932,942,942,948,955,960,965,975,978,978,984,988,989,993,)
ERROR: Not Found: 566
(0,3,8,9,14,16,29,35,35,36,36,44,55,60,61,61,62,70,72,73,82,88,91,91,98,98,100,100,100,)(106,123,128,130,139,146,146,154,161,167,169,171,175,181,187,189,189,190,191,194,195,196,198,200,205,205,208,208,210,)(219,220,229,230,235,243,251,252,254,254,254,255,255,257,257,259,273,292,294,302,305,316,319,)(329,336,337,339,347,363,377,379,380,382,383,387,391,392,394,397,399,399,405,408,409,411,413,419,423,425,)(435,441,446,446,451,459,462,464,469,471,474,474,476,482,488,491,493,494,495,498,499,509,516,526,526,539,541,549,552,553,553,)(557,561,571,576,577,579,584,587,594,595,598,612,613,620,623,631,633,635,642,652,656,659,659,662,663,672,673,679,688,)(691,697,706,712,715,721,727,733,734,736,740,742,748,750,752,752,752,754,769,771,785,793,794,794,800,801,802,806,806,806,806,819,821,825,837,)(839,842,842,842,843,847,853,858,871,875,892,897,899,901,905,908,913,923,930,932,942,942,948,955,960,965,975,978,978,984,988,989,993,)
ERROR: Not Found: 272
ERROR: Not Found: 247
ERROR: Not Found: 807
(0,3,8,9,14,16,29,35,35,36,36,44,55,60,61,61,62,70,72,73,82,88,91,91,98,98,100,100,100,)(106,123,128,130,139,146,146,154,161,165,167,169,171,175,181,187,189,189,190,191,194,195,196,198,200,205,205,208,208,210,)(219,220,229,230,235,243,251,252,254,254,254,255,255,257,257,259,273,292,294,302,305,316,319,)(329,336,337,339,347,363,377,379,380,382,383,387,391,392,394,397,399,399,405,408,409,411,413,419,423,425,)(435,441,446,446,451,459,462,464,469,471,474,474,476,482,488,491,493,494,495,498,499,509,516,526,526,539,541,549,552,553,553,)(557,561,571,576,577,579,584,587,594,595,598,612,613,620,623,623,631,633,635,642,652,656,659,659,662,663,672,673,679,688,)(691,697,706,712,715,721,727,733,734,736,740,742,748,750,752,752,752,754,769,771,773,785,793,794,794,800,801,802,806,806,806,806,819,821,825,837,)(839,842,842,842,843,847,853,858,871,875,892,897,899,901,905,908,913,923,930,932,942,942,948,955,960,965,975,978,978,984,988,989,993,)
ERROR: Not Found: 103
ERROR: Not Found: 261
ERROR: Not Found: 709
(0,3,8,9,14,16,29,35,35,36,36,44,55,60,61,61,62,70,72,73,82,88,91,91,98,98,100,100,100,)(106,123,128,130,139,146,146,154,161,165,167,169,171,175,181,187,189,189,190,191,194,195,196,198,200,205,205,208,208,210,)(219,220,229,230,235,243,251,252,254,254,254,255,255,257,257,259,273,292,294,302,305,316,319,)(329,336,337,339,347,363,377,379,380,382,383,387,391,392,394,397,399,399,405,408,409,411,413,419,423,425,)(435,441,446,446,451,459,462,464,469,471,474,474,476,482,488,491,493,494,495,498,499,509,516,526,526,539,541,549,552,553,553,)(557,561,571,576,577,579,584,587,594,595,598,612,613,620,623,623,631,633,635,642,651,652,656,659,659,662,663,672,673,679,688,)(691,697,706,712,715,721,727,733,734,736,740,742,748,750,752,752,752,754,769,771,773,785,793,794,794,800,801,802,806,806,806,806,819,821,825,837,)(839,842,842,842,843,847,853,858,865,871,875,892,897,899,901,905,908,913,923,925,930,932,942,942,948,955,960,965,975,978,978,984,988,989,990,993,)
(0,3,8,9,14,16,29,35,35,36,36,44,55,60,61,61,62,70,72,73,82,88,91,91,98,98,100,100,100,)(106,123,128,130,139,146,146,154,161,165,167,169,171,175,181,187,189,189,190,191,194,195,196,198,200,205,205,208,208,210,)(219,220,229,230,235,243,251,252,254,254,254,255,255,257,257,259,273,292,294,302,305,316,319,)(329,336,337,339,347,363,377,379,380,382,383,387,391,392,394,397,399,399,405,408,409,411,413,419,423,425,)(435,441,446,446,451,459,462,464,469,471,474,474,476,482,488,491,493,494,495,498,499,509,516,526,526,539,541,549,552,553,553,)(557,561,571,576,577,579,584,587,594,595,598,612,613,620,623,623,631,633,635,642,651,652,656,659,659,662,663,672,673,679,688,)(691,697,706,712,715,721,727,733,734,736,740,742,748,750,752,752,752,754,769,771,773,785,793,794,794,800,801,802,805,806,806,806,806,819,821,825,837,)(839,842,842,842,843,847,853,858,865,871,875,892,897,899,901,905,908,913,923,925,930,932,942,942,948,955,960,965,975,978,978,984,988,989,990,993,)
ERROR: Not Found: 798
ERROR: Not Found: 182
(0,3,8,9,14,16,29,35,35,36,36,44,55,60,61,61,62,70,72,73,82,88,91,91,98,98,100,100,100,)(106,123,128,130,139,146,146,154,161,165,167,169,171,175,181,187,189,189,190,191,194,195,196,198,200,205,205,208,208,210,)(219,220,229,230,235,243,251,252,254,254,254,255,255,257,257,259,273,292,294,302,305,316,319,)(329,336,337,339,347,363,368,377,379,380,382,383,384,387,391,392,394,397,399,399,405,408,409,411,413,419,423,425,)(435,441,446,446,451,459,462,464,469,471,474,474,476,482,488,491,493,494,495,498,499,509,516,526,526,539,541,549,552,553,553,)(557,561,571,576,577,579,584,587,594,595,598,612,613,620,623,623,631,633,635,642,651,652,656,659,659,662,663,672,673,679,688,)(691,697,706,712,715,721,727,733,734,736,740,742,748,750,752,752,752,754,769,771,773,785,793,794,794,800,801,802,805,806,806,806,806,819,821,825,837,)(839,842,842,842,843,847,853,858,865,871,875,892,897,899,901,904,905,908,913,923,925,930,932,942,942,948,955,960,965,975,978,978,984,988,989,990,993,)
(0,3,8,9,14,16,29,35,35,36,36,44,55,60,61,61,62,70,72,73,82,88,91,91,98,98,100,100,100,)(106,123,128,130,139,146,146,154,161,165,167,169,171,175,181,187,189,189,190,191,194,195,196,198,200,205,205,208,208,210,)(219,220,229,230,235,243,251,252,254,254,254,255,255,257,257,259,273,292,294,302,305,316,319,)(329,336,337,339,347,363,368,377,379,380,382,383,384,387,391,392,394,397,399,399,405,408,409,411,413,419,423,425,)(435,441,446,446,451,459,462,464,469,471,474,474,476,482,488,491,493,494,495,498,499,509,516,526,526,539,541,549,552,553,553,)(557,561,571,576,577,579,584,587,594,595,598,612,613,620,623,623,631,633,635,642,651,652,656,659,659,662,663,672,673,679,688,)(691,697,706,712,715,721,727,733,734,736,740,742,748,750,752,752,752,754,769,771,773,785,793,794,794,800,801,802,805,806,806,806,806,819,821,825,837,)(839,842,842,842,843,847,853,858,865,871,875,892,897,899,901,904,905,908,913,923,925,930,932,942,942,948,955,960,965,975,978,978,984,988,989,990,993,)
ERROR: Not Found: 216
ERROR: Not Found: 974
(0,3,8,9,14,16,29,35,35,36,36,44,55,60,61,61,62,70,72,73,82,88,91,91,98,98,100,100,100,)(106,123,128,130,139,146,146,154,161,165,167,169,171,175,181,187,189,189,190,191,194,195,196,198,200,205,205,208,208,210,)(219,220,229,230,235,243,251,252,254,254,254,255,255,257,257,259,273,292,294,302,305,316,319,)(329,336,337,339,347,363,368,377,379,380,380,382,383,384,387,391,392,394,397,399,399,405,408,409,411,413,419,423,425,)(435,441,446,446,451,459,462,464,469,471,474,474,476,482,488,491,493,494,495,495,498,499,509,516,526,526,539,541,549,552,553,553,)(557,561,571,576,577,579,584,587,594,595,598,612,613,620,623,623,631,633,635,642,651,652,656,659,659,662,663,672,673,679,688,)(691,697,706,712,715,721,727,733,734,736,740,742,748,750,752,752,752,754,769,771,773,785,793,794,794,800,801,802,805,806,806,806,806,819,821,825,837,)(839,842,842,842,843,847,853,858,865,871,875,892,897,899,901,904,905,908,913,923,925,930,932,942,942,948,955,960,965,975,978,978,984,988,989,990,993,)
ERROR: Not Found: 836
(0,3,8,9,14,16,29,35,35,36,36,44,55,60,61,61,62,70,72,73,82,88,91,91,98,98,100,100,100,)(106,123,128,130,139,146,146,154,161,165,167,169,171,175,181,187,189,189,190,191,194,195,196,198,200,205,205,208,208,210,)(219,220,229,230,235,243,251,252,254,254,254,255,255,257,257,259,273,292,294,302,305,316,319,)(329,336,337,339,347,363,368,377,379,380,380,382,383,384,387,391,392,394,397,399,399,405,408,409,411,413,419,423,425,)(435,441,446,446,451,459,462,464,469,471,474,474,476,482,488,491,493,494,495,495,498,499,509,516,526,526,539,541,549,552,553,553,)(557,561,571,576,577,579,584,587,594,595,598,612,613,620,623,623,631,633,635,642,651,652,656,659,659,662,663,672,673,679,688,)(691,697,706,712,715,721,727,733,734,736,740,742,748,750,752,752,752,754,769,771,773,785,793,794,794,800,801,802,805,806,806,806,806,819,821,825,837,)(839,842,842,842,843,847,853,858,865,871,873,875,892,897,899,901,904,905,908,913,923,925,930,932,942,942,948,955,960,965,975,978,978,984,988,989,990,993,)
(0,3,8,9,14,16,29,35,35,36,36,44,55,60,61,61,62,70,72,73,82,88,91,91,98,98,100,100,100,)(106,123,128,130,139,146,146,154,161,165,167,169,171,175,181,187,189,189,190,191,194,195,196,198,200,205,205,208,208,210,)(219,220,229,230,235,243,251,252,254,254,254,255,255,257,257,259,273,292,294,302,305,316,319,)(329,336,337,339,347,363,368,377,379,380,380,382,383,384,387,391,392,394,397,399,399,405,408,409,411,413,419,423,425,)(435,441,446,446,451,459,462,464,469,471,474,474,476,482,488,491,493,494,495,495,498,499,509,516,526,526,539,541,549,552,553,553,)(557,558,561,571,576,577,579,584,587,594,595,598,612,613,620,623,623,631,633,635,642,651,652,656,659,659,662,663,672,673,679,688,)(691,697,706,711,712,715,721,727,733,734,736,740,742,748,750,752,752,752,754,769,771,773,785,793,794,794,800,801,802,805,806,806,806,806,819,821,825,837,)(839,842,842,842,843,847,853,858,865,871,873,875,892,897,899,901,904,905,908,913,923,925,930,932,942,942,948,955,960,965,975,978,978,984,988,989,990,993,)
(0,3,8,9,14,16,29,35,35,36,36,44,55,60,61,61,62,70,72,73,82,88,91,91,98,98,100,100,100,)(106,123,128,130,139,146,146,154,161,165,167,169,171,175,181,187,189,189,190,191,194,195,196,198,200,205,205,208,208,210,)(219,220,229,230,235,243,251,252,254,254,254,255,255,257,257,259,273,292,294,302,305,316,319,)(329,336,337,339,347,363,368,377,379,380,380,382,383,384,387,391,392,394,397,399,399,405,408,409,411,413,419,423,425,)(435,441,446,446,451,459,462,464,469,471,474,474,476,482,488,491,493,494,495,495,498,499,509,516,526,526,539,541,549,552,553,553,)(557,558,561,571,576,577,579,584,587,594,595,598,612,613,620,623,623,631,633,635,642,651,652,656,659,659,662,663,672,673,679,688,)(691,697,706,711,712,715,721,727,733,734,736,740,742,748,750,752,752,752,754,769,771,773,785,793,794,794,800,801,802,805,806,806,806,806,819,821,825,837,)(839,842,842,842,843,847,853,858,865,871,873,875,892,897,899,901,904,905,908,913,923,925,930,932,942,942,948,955,960,965,975,978,978,984,988,989,990,993,)
ERROR: Not Found: 566
(0,3,8,9,14,16,29,35,35,36,36,44,55,60,61,61,62,70,72,73,82,88,91,91,98,98,100,100,100,)(106,123,128,130,139,146,146,154,161,165,167,169,171,175,181,187,189,189,190,191,194,195,196,198,200,205,205,208,208,210,)(219,220,229,230,235,243,251,252,254,254,254,255,255,257,257,259,263,273,292,294,302,305,316,319,)(329,336,337,339,347,363,368,377,379,380,380,382,383,384,387,391,392,394,397,399,399,405,408,409,411,413,419,423,425,)(435,441,446,446,451,459,462,464,469,471,474,474,476,482,488,491,493,494,495,495,498,499,509,516,526,526,539,541,549,552,553,553,)(557,558,561,571,576,577,579,584,587,594,595,598,612,613,620,623,623,631,633,635,642,651,652,656,659,659,662,663,672,673,679,688,)(691,697,706,711,712,715,721,727,733,734,736,740,742,748,750,752,752,752,754,769,771,773,785,793,794,794,800,801,802,805,806,806,806,806,819,821,825,837,)(839,842,842,842,843,847,853,858,865,871,873,875,892,897,899,901,904,905,908,913,923,925,930,932,942,942,948,955,960,965,975,978,978,984,988,989,990,993,)
ERROR: Not Found: 42
(0,3,8,9,14,16,29,35,35,36,36,44,55,60,61,61,62,70,72,73,82,88,91,91,98,98,100,100,100,)(106,123,128,130,139,146,146,154,161,165,167,169,171,175,181,187,189,189,190,191,194,194,195,196,198,200,205,205,208,208,210,)(219,220,229,230,235,243,251,252,254,254,254,255,255,257,257,259,263,273,292,294,302,305,316,319,)(329,336,337,339,347,363,368,377,379,380,380,382,383,384,387,391,392,394,397,399,399,405,408,409,411,413,419,423,425,)(435,441,446,446,451,459,462,464,469,471,474,474,476,482,488,491,493,494,495,495,498,499,509,516,526,526,539,541,549,552,553,553,)(557,558,561,571,576,577,579,584,587,594,595,598,612,613,620,623,623,631,633,635,642,651,652,656,659,659,662,663,672,673,679,688,)(691,697,706,711,712,715,721,727,733,734,736,740,742,748,750,752,752,752,754,769,771,773,780,785,793,794,794,800,801,802,805,806,806,806,806,819,821,825,837,)(839,842,842,842,843,847,853,858,865,871,873,875,892,897,899,901,904,905,908,913,923,925,930,932,942,942,948,955,960,965,975,978,978,984,988,989,990,993,)
(0,3,8,9,14,16,29,35,35,36,36,44,55,60,61,61,62,70,72,73,82,88,91,91,98,98,100,100,100,)(106,123,128,130,139,146,146,154,161,165,167,169,171,175,181,187,189,189,190,191,194,194,195,196,198,200,205,205,208,208,210,)(219,220,229,230,235,243,251,252,254,254,254,255,255,257,257,259,263,273,290,292,294,302,305,316,319,)(329,336,337,339,347,363,368,377,379,380,380,382,383,384,387,391,392,394,397,399,399,405,408,409,411,413,419,423,425,)(435,441,446,446,451,459,462,464,469,471,474,474,476,482,488,491,493,494,495,495,498,499,509,516,526,526,539,541,549,552,553,553,)(557,558,561,571,576,577,579,584,587,594,595,598,612,613,620,623,623,631,633,635,642,651,652,656,659,659,662,663,672,673,679,688,)(691,697,706,711,712,715,721,727,733,734,736,740,742,748,750,752,752,752,754,769,771,773,780,785,793,794,794,800,801,802,805,806,806,806,806,807,819,821,825,837,)(839,842,842,842,843,847,853,858,865,871,873,875,892,897,899,901,904,905,908,913,923,925,930,932,942,942,948,955,960,965,975,978,978,984,988,989,990,993,)
ERROR: Not Found: 979
(0,3,8,9,14,16,29,31,35,35,36,36,44,55,60,61,61,62,70,72,73,82,88,91,91,98,98,100,100,100,)(106,123,128,130,135,139,146,146,154,161,165,167,169,171,175,181,187,189,189,190,191,194,194,195,196,198,200,205,205,208,208,210,)(219,220,229,230,235,243,251,252,254,254,254,255,255,257,257,259,263,273,290,292,294,302,305,316,319,)(329,336,337,339,347,363,368,377,379,380,380,382,383,384,387,391,392,394,397,399,399,405,408,409,411,413,419,423,425,)(435,441,446,446,451,459,462,464,469,471,474,474,476,482,488,491,493,494,495,495,498,499,509,516,526,526,539,541,549,552,553,553,)(557,558,561,571,576,577,579,584,587,594,595,595,598,612,613,620,623,623,631,633,635,642,651,652,656,659,659,662,663,672,673,679,688,)(691,697,706,711,712,715,721,727,733,734,736,740,742,748,750,752,752,752,754,769,771,773,780,785,793,794,794,800,801,802,805,806,806,806,806,807,819,821,825,837,)(839,842,842,842,843,847,853,858,865,871,873,875,892,897,899,901,904,905,908,913,923,925,930,932,942,942,948,955,960,965,975,978,978,984,988,989,990,993,)
(0,3,8,9,14,16,29,31,35,35,36,36,44,55,60,61,61,62,70,72,73,82,88,91,91,98,98,100,100,100,)(106,123,128,130,135,139,146,146,154,161,165,167,169,171,175,181,187,189,189,190,191,194,194,195,196,198,200,205,205,208,208,210,)(219,220,229,230,235,243,251,252,254,254,254,255,255,257,257,259,263,273,290,292,294,302,305,316,319,)(329,336,337,339,347,363,368,377,379,380,380,382,383,384,387,391,392,394,397,399,399,405,408,409,411,413,419,423,425,)(435,441,446,446,451,459,462,464,469,471,474,474,476,482,488,491,493,494,495,495,498,499,509,516,526,526,539,541,549,552,553,553,)(557,558,561,571,576,577,579,584,587,594,595,595,598,612,613,620,623,623,631,633,635,642,651,652,656,659,659,662,663,672,673,679,688,)(691,697,706,711,712,715,721,727,733,734,736,740,742,748,750,752,752,752,754,769,771,773,780,785,793,794,794,800,801,802,805,806,806,806,806,807,819,821,825,837,)(839,842,842,842,843,847,853,858,865,871,873,875,882,892,897,899,901,904,905,908,913,923,925,930,932,942,942,948,955,960,965,975,978,978,984,988,989,990,993,)
(0,3,8,9,14,16,29,31,35,35,36,36,44,55,60,61,61,62,70,72,73,82,88,91,91,98,98,100,100,100,)(106,123,128,130,135,139,146,146,154,161,165,167,169,171,175,181,187,189,189,190,191,194,194,195,196,198,200,205,205,208,208,210,)(219,220,226,229,230,235,243,251,252,254,254,254,255,255,257,257,259,263,273,290,292,294,302,305,316,319,)(329,336,337,339,347,363,368,377,379,380,380,382,383,384,387,391,392,394,397,399,399,405,408,409,411,413,419,423,425,)(435,441,446,446,451,459,462,464,469,471,474,474,476,482,488,491,493,494,495,495,498,499,509,510,516,526,526,539,541,544,549,552,553,553,)(557,558,561,571,576,577,579,584,587,594,595,595,598,612,613,620,623,623,631,633,635,642,651,652,656,659,659,662,663,672,673,679,688,)(691,697,706,711,712,715,721,727,733,734,736,740,742,748,750,752,752,752,754,769,771,773,780,785,793,794,794,800,801,802,805,806,806,806,806,807,819,821,825,837,)(839,842,842,842,843,847,853,858,865,871,873,875,879,882,892,897,899,901,904,905,908,913,923,925,930,932,942,942,948,955,960,965,975,978,978,984,988,989,990,993,)
(0,3,8,9,14,16,29,31,35,35,36,36,44,55,60,61,61,62,70,72,73,82,88,91,91,98,98,100,100,100,)(106,123,128,130,135,139,146,146,154,161,165,167,169,171,175,181,187,189,189,190,191,194,194,195,196,198,200,205,205,208,208,210,)(219,220,226,229,230,235,243,251,252,254,254,254,255,255,257,257,259,263,273,290,292,294,302,305,316,319,)(329,336,337,339,347,363,368,377,379,380,380,382,383,384,387,391,392,394,397,399,399,405,408,409,411,413,419,423,425,)(435,441,446,446,451,459,462,464,469,471,474,474,476,482,488,491,493,494,495,495,498,499,509,510,516,526,526,539,541,544,549,552,553,553,)(557,558,561,571,576,577,579,584,587,594,595,595,598,612,613,620,623,623,631,633,635,642,651,652,656,659,659,662,663,672,673,679,688,)(691,697,706,711,712,715,721,727,733,734,736,740,742,748,750,752,752,752,754,769,771,773,780,785,793,794,794,800,801,802,805,806,806,806,806,807,819,821,825,837,)(839,842,842,842,843,847,853,858,865,871,873,875,879,882,892,897,899,901,904,905,908,913,923,925,930,932,942,942,948,955,960,965,975,978,978,984,988,989,990,993,)
(0,3,8,9,14,16,29,31,35,35,36,36,44,55,60,61,61,62,70,72,73,82,88,91,91,94,98,98,100,100,100,)(106,123,128,130,135,139,146,146,154,161,165,167,169,171,175,181,187,189,189,190,191,194,194,195,196,198,200,205,205,208,208,210,)(219,220,226,229,230,235,243,251,252,254,254,254,255,255,257,257,259,263,273,290,292,294,302,305,316,319,)(329,336,337,339,347,363,368,377,379,380,380,382,383,384,387,391,392,394,397,399,399,405,408,409,411,413,419,423,425,)(435,441,446,446,451,459,462,464,469,471,474,474,476,476,482,488,491,493,494,495,495,498,499,509,510,516,526,526,539,541,544,549,552,553,553,)(557,558,561,571,576,577,579,584,587,594,595,595,598,612,613,620,623,623,631,633,635,642,651,652,656,659,659,662,663,672,673,679,688,)(691,697,706,711,712,715,721,727,733,734,736,740,742,748,750,752,752,752,754,769,771,773,780,785,793,794,794,800,801,802,805,806,806,806,806,807,819,821,825,837,)(839,842,842,842,843,847,853,858,865,871,873,875,879,882,892,897,899,901,904,905,908,913,923,925,930,932,942,942,942,948,955,960,965,975,978,978,984,988,989,990,993,)
ERROR: Not Found: 725
(0,3,8,9,14,16,29,31,35,35,36,36,44,55,60,61,61,62,70,72,73,82,88,91,91,94,98,98,100,100,100,)(106,123,128,130,135,139,146,146,154,161,165,167,169,171,175,181,187,189,189,190,191,194,194,195,196,198,200,205,205,208,208,210,)(219,220,226,229,230,235,243,251,252,254,254,254,255,255,257,257,259,263,273,290,292,294,302,305,316,319,)(329,336,337,339,347,363,368,377,379,380,380,382,383,384,387,391,392,394,397,399,399,405,408,409,411,413,419,423,425,)(435,441,446,446,451,459,462,464,469,471,474,474,476,476,482,488,491,493,494,495,495,498,499,509,510,516,526,526,538,539,541,544,549,552,553,553,)(557,558,561,571,576,577,579,584,587,594,595,595,598,612,613,620,623,623,631,633,635,642,651,652,656,659,659,662,663,672,673,679,688,)(691,697,706,711,712,715,721,727,733,734,736,740,742,748,750,752,752,752,754,769,771,773,780,785,793,794,794,800,801,802,805,806,806,806,806,807,819,821,825,837,)(839,842,842,842,843,847,853,858,865,871,873,875,879,882,892,897,899,901,904,905,908,913,923,925,930,932,942,942,942,948,955,960,965,975,978,978,984,988,989,990,993,)
(0,3,8,9,14,16,29,31,35,35,36,36,44,55,60,61,61,62,70,72,73,82,88,91,91,94,98,98,100,100,100,)(106,123,128,130,135,139,146,146,154,161,165,167,169,171,175,181,187,189,189,190,191,194,194,195,196,198,200,205,205,208,208,210,215,)(219,220,226,229,230,235,243,251,252,254,254,254,255,255,257,257,259,263,273,290,292,294,302,305,316,319,)(329,336,337,339,347,363,368,377,379,380,380,382,383,384,387,391,392,394,397,399,399,405,408,409,411,413,419,423,425,)(435,441,446,446,451,459,462,464,469,471,474,474,476,476,482,488,491,493,494,495,495,498,499,509,510,516,526,526,538,539,541,544,549,552,553,553,)(557,558,561,571,576,577,579,584,587,594,595,595,598,612,613,620,623,623,631,633,635,642,651,652,656,659,659,662,663,672,673,679,688,)(691,697,706,711,712,715,721,727,733,734,736,740,742,748,750,752,752,752,754,769,771,773,780,785,793,794,794,800,801,802,805,806,806,806,806,807,819,821,825,837,)(839,842,842,842,842,843,847,853,858,865,871,873,875,879,882,892,897,899,901,904,905,908,913,923,925,929,930,932,942,942,942,942,948,955,960,965,975,978,978,984,988,989,990,993,)
(0,3,8,9,14,16,29,31,35,35,36,36,44,55,60,61,61,62,70,72,73,82,88,91,91,94,98,98,100,100,100,)(106,123,128,130,135,139,146,146,154,161,165,167,169,171,175,181,187,189,189,190,191,194,194,195,196,198,200,205,205,208,208,210,215,)(219,220,226,229,230,235,243,251,252,254,254,254,255,255,257,257,259,263,273,290,292,294,302,305,316,319,)(329,336,337,339,347,363,368,377,379,380,380,382,383,384,387,391,392,394,397,399,399,405,408,409,411,413,419,423,425,)(435,441,446,446,451,459,462,464,469,471,474,474,476,476,482,488,491,493,494,495,495,498,499,509,510,516,526,526,538,539,541,544,549,552,553,553,)(557,558,561,571,576,577,579,584,587,594,595,595,598,612,613,620,623,623,631,633,635,642,651,652,656,659,659,662,663,672,673,679,688,)(691,697,706,711,712,715,721,727,733,734,736,740,742,748,750,752,752,752,754,769,771,773,780,785,793,794,794,800,801,802,805,806,806,806,806,807,819,821,825,837,)(839,842,842,842,842,843,847,853,858,865,871,873,875,879,882,892,897,899,901,904,905,908,913,923,925,929,930,932,942,942,942,942,948,955,960,965,975,978,978,984,988,989,990,993,)
(0,3,8,9,14,16,29,31,35,35,36,36,44,55,60,61,61,62,70,72,73,82,88,91,91,94,98,98,100,100,100,)(106,123,128,130,135,139,146,146,154,161,165,167,169,171,175,181,187,189,189,190,191,194,194,195,196,198,200,205,205,208,208,210,215,)(219,220,226,229,230,235,243,251,252,254,254,254,255,255,257,257,259,263,273,290,292,294,302,305,316,319,)(329,336,337,339,347,363,368,377,379,380,380,382,383,384,387,391,392,394,397,399,399,405,408,409,411,413,419,423,425,)(435,441,446,446,451,459,462,464,469,471,474,474,476,476,482,488,491,493,494,495,495,498,499,509,510,516,526,526,538,539,541,544,549,552,553,553,)(557,558,561,571,576,577,579,584,587,594,595,595,598,612,613,620,623,623,631,633,635,642,651,652,656,659,659,662,663,672,673,679,688,)(691,697,706,711,712,715,721,727,733,734,736,740,742,748,750,752,752,752,754,769,771,773,780,785,793,794,794,800,801,802,805,806,806,806,806,807,819,821,825,837,)(839,842,842,842,842,843,847,853,858,865,871,873,875,879,882,892,897,899,901,904,905,908,913,923,925,929,930,932,942,942,942,942,948,955,960,965,975,978,978,984,988,989,990,993,)
ERROR: Not Found: 761
(0,3,8,9,14,16,16,16,29,31,35,35,36,36,44,55,60,61,61,62,70,72,73,82,88,91,91,94,98,98,100,100,100,104,)(106,123,128,130,132,135,139,146,146,154,161,165,167,169,171,175,181,187,189,189,190,191,194,194,195,196,198,200,205,205,208,208,210,215,)(219,220,226,229,230,235,240,243,251,252,254,254,254,255,255,257,257,259,263,273,290,292,294,302,305,306,316,319,)(329,336,337,339,347,363,368,377,379,380,380,382,383,384,387,391,392,394,397,399,399,405,408,409,411,413,419,423,425,)(435,441,446,446,451,456,459,462,464,469,471,474,474,476,476,482,488,491,493,494,495,495,498,499,509,510,516,526,526,538,539,541,544,549,552,553,553,)(557,558,561,571,576,577,579,584,587,594,595,595,598,612,612,613,620,623,623,631,633,635,642,651,652,656,659,659,662,663,672,673,679,688,)(691,697,706,711,712,712,715,721,727,733,734,736,740,742,748,750,752,752,752,754,769,771,773,780,785,793,794,794,800,801,802,805,806,806,806,806,807,819,821,825,837,)(839,839,842,842,842,842,843,847,853,858,865,871,873,875,879,882,892,897,899,901,904,905,908,)(913,922,923,925,929,930,932,942,942,942,942,948,955,960,965,975,978,978,984,988,989,990,993,)
ERROR: Not Found: 350
ERROR: Not Found: 582
ERROR: Not Found: 676
(0,3,8,9,14,16,16,16,29,31,35,35,36,36,44,55,60,61,61,62,70,72,73,82,88,91,91,94,98,98,100,100,100,104,)(106,123,128,130,132,135,139,146,146,154,161,165,167,169,171,175,181,187,189,189,190,191,194,194,195,196,198,200,205,205,208,208,210,215,)(219,220,226,229,230,235,240,243,251,252,254,254,254,255,255,257,257,259,263,273,290,292,294,302,305,306,316,319,)(329,336,337,339,347,363,368,377,379,380,380,382,383,384,387,387,391,392,394,397,399,399,405,408,409,411,413,419,423,425,429,)(435,441,446,446,451,456,459,462,464,469,471,474,474,476,476,482,488,491,493,494,495,495,498,499,509,510,516,526,526,538,539,541,544,549,552,553,553,)(557,558,561,571,576,577,579,584,587,594,595,595,598,612,612,613,620,623,623,631,633,635,642,651,652,656,659,659,662,663,672,673,679,688,)(691,697,706,711,711,712,712,715,717,721,727,732,733,734,736,740,742,748,750,752,752,752,754,)(769,771,773,780,780,785,793,794,794,800,801,802,805,806,806,806,806,807,819,821,825,837,)(839,839,842,842,842,842,843,847,853,858,865,871,873,875,879,882,892,897,899,901,904,905,908,)(913,922,923,925,929,930,932,942,942,942,942,948,951,955,960,965,975,978,978,984,988,989,990,993,)
(0,3,8,9,14,16,16,16,29,30,31,35,35,36,36,44,55,60,61,61,62,70,72,73,82,88,91,91,94,98,98,100,100,100,104,)(106,123,128,130,132,135,139,146,146,154,161,165,167,169,171,175,181,187,189,189,190,191,194,194,195,196,198,200,205,205,208,208,210,215,)(219,220,226,229,230,235,240,243,251,252,254,254,254,255,255,257,257,259,263,273,290,292,294,302,305,306,316,319,)(329,336,337,339,347,363,368,377,379,380,380,382,383,384,387,387,391,392,394,397,399,399,405,408,409,411,413,419,423,425,429,)(435,441,446,446,451,456,459,462,464,469,471,474,474,476,476,482,488,491,493,494,495,495,498,499,509,510,516,526,526,538,539,541,544,549,552,553,553,)(557,558,561,571,576,577,579,584,587,594,595,595,598,612,612,613,620,623,623,631,633,635,642,651,652,656,659,659,662,663,672,673,679,688,)(691,697,706,711,711,712,712,715,717,721,727,732,733,734,736,740,742,748,750,752,752,752,754,)(769,771,773,780,780,785,793,794,794,800,801,802,805,806,806,806,806,807,819,821,825,837,)(839,839,842,842,842,842,843,847,853,858,865,871,873,875,879,882,892,897,899,901,904,905,908,)(913,922,923,925,929,930,932,942,942,942,942,948,951,955,960,965,975,978,978,984,988,989,990,993,)
ERROR: Not Found: 78
ERROR: Not Found: 461
(0,3,8,9,14,16,16,16,29,30,31,35,35,36,36,44,55,60,61,61,62,70,72,73,82,88,91,91,94,98,98,100,100,100,104,)(106,123,128,130,132,135,139,146,146,154,161,165,167,169,171,175,181,187,189,189,190,191,194,194,195,196,198,200,205,205,208,208,210,215,)(219,220,226,229,230,235,240,243,251,252,254,254,254,255,255,257,257,259,263,273,290,292,294,302,305,306,316,319,)(329,336,337,339,347,363,368,377,379,380,380,382,383,384,387,387,391,392,394,397,399,399,405,408,409,411,413,419,423,425,429,)(435,441,446,446,451,456,459,462,464,469,471,474,474,476,476,482,488,491,493,494,495,495,498,499,509,510,516,526,526,538,539,541,544,549,552,553,553,)(557,558,561,571,576,577,579,584,587,594,595,595,598,612,612,613,620,623,623,631,633,635,642,651,652,656,659,659,662,663,672,673,679,688,)(691,697,706,711,711,712,712,715,717,721,727,732,733,734,736,740,742,748,750,752,752,752,754,)(769,771,773,780,780,785,793,794,794,800,801,802,805,806,806,806,806,807,819,821,825,837,)(839,839,842,842,842,842,843,847,853,858,865,871,873,875,879,882,892,897,899,901,904,905,908,)(913,922,923,925,929,930,932,942,942,942,942,948,951,955,960,965,975,978,978,984,988,989,990,993,)
ERROR: Not Found: 864
(0,3,8,9,14,16,16,16,29,30,31,35,35,36,36,44,55,60,61,61,62,70,72,73,82,88,91,91,94,98,98,100,100,100,104,)(106,123,128,130,132,135,139,146,146,154,161,165,167,169,171,175,181,187,189,189,190,191,194,194,195,196,198,200,205,205,208,208,210,215,)(219,220,226,229,230,235,240,243,251,252,254,254,254,255,255,257,257,259,263,273,290,292,294,302,305,306,316,319,)(329,336,337,339,347,357,363,368,377,379,380,380,382,383,384,387,387,391,392,394,397,399,399,405,408,409,411,413,419,423,425,429,)(435,441,446,446,451,456,459,462,464,469,471,474,474,476,476,482,488,491,493,494,495,495,498,499,509,510,516,526,526,538,539,541,544,549,552,553,553,)(557,558,561,571,576,577,579,584,587,594,595,595,598,612,612,613,620,623,623,631,633,635,642,651,652,656,659,659,662,663,672,673,679,688,)(691,697,706,711,711,712,712,715,717,721,727,732,733,734,736,740,742,748,750,752,752,752,754,)(769,771,773,780,780,785,793,794,794,800,801,802,805,806,806,806,806,807,819,821,825,837,)(839,839,842,842,842,842,843,847,853,858,865,871,873,875,879,882,892,897,899,901,904,905,908,)(913,922,923,925,929,930,932,942,942,942,942,948,951,955,960,965,975,978,978,984,988,989,990,993,)
(0,3,8,9,14,16,16,16,17,29,30,31,35,35,36,36,44,55,60,61,61,62,70,72,73,82,88,91,91,94,98,98,100,100,100,104,)(106,123,128,130,132,135,139,146,146,154,161,165,167,169,171,175,181,187,189,189,190,191,194,194,195,196,198,200,205,205,208,208,210,215,)(219,220,226,229,230,235,240,243,251,252,254,254,254,255,255,257,257,259,263,273,290,292,294,302,305,306,316,319,)(329,336,337,339,347,356,357,363,368,377,379,380,380,382,383,384,387,387,391,392,394,397,399,399,405,408,409,411,413,419,423,425,429,)(435,441,446,446,451,456,459,462,464,469,471,474,474,476,476,482,488,491,493,494,495,495,498,499,509,510,516,526,526,538,539,541,544,549,552,553,553,)(557,558,561,571,576,577,579,584,587,594,595,595,598,612,612,613,620,623,623,631,633,635,642,651,652,656,659,659,662,663,672,673,679,688,)(691,697,706,711,711,712,712,715,717,721,727,732,733,734,736,740,742,748,750,752,752,752,754,)(769,771,773,780,780,785,793,794,794,800,801,802,805,806,806,806,806,807,819,821,825,837,)(839,839,842,842,842,842,843,847,853,858,865,871,873,875,879,882,892,897,899,901,904,905,908,)(913,922,923,925,929,930,932,942,942,942,942,948,951,955,960,965,975,978,978,984,988,989,990,993,)
ERROR: Not Found: ERROR: Not Found: 668
209
(0,3,8,9,14,16,16,16,17,29,30,31,35,35,36,36,44,55,60,61,61,62,70,72,73,82,88,91,91,94,98,98,100,100,100,104,)(106,123,128,130,132,135,139,146,146,154,161,165,167,169,171,175,181,187,189,189,190,191,194,194,195,196,198,200,205,205,208,208,210,215,)(219,220,226,229,230,235,240,243,251,252,254,254,254,255,255,257,257,259,263,273,290,292,294,302,305,306,316,319,)(329,336,337,339,347,356,357,363,368,371,377,377,379,380,380,382,383,384,387,387,391,392,394,397,399,399,405,408,409,411,413,419,423,425,429,)(435,441,446,446,447,451,456,459,462,464,469,471,474,474,476,476,482,488,491,493,494,495,495,498,499,509,510,514,516,526,526,538,539,541,544,549,552,553,553,)(557,558,561,571,576,577,579,584,587,587,594,595,595,598,612,612,613,620,623,623,631,633,635,642,651,652,656,659,659,662,663,672,673,679,688,)(691,697,706,711,711,712,712,715,717,721,727,732,733,734,736,740,742,748,750,752,752,752,754,)(769,771,773,780,780,785,793,794,794,800,801,802,805,806,806,806,806,807,819,821,825,837,)(839,839,842,842,842,842,843,847,853,858,865,871,873,875,879,882,892,897,899,901,904,905,908,)(913,922,923,925,929,930,932,942,942,942,942,948,951,955,960,965,975,978,978,984,988,989,990,993,)
(0,3,8,9,14,16,16,16,17,29,30,31,35,35,36,36,44,55,60,61,61,62,70,72,73,82,88,91,91,94,98,98,100,100,100,104,)(106,123,128,130,132,135,139,146,146,154,161,165,167,169,171,175,181,187,189,189,190,191,194,194,195,196,198,200,205,205,208,208,210,215,)(219,220,224,226,229,230,235,240,243,251,252,254,254,254,255,255,257,257,259,263,273,290,292,294,302,305,306,316,319,)(329,336,337,339,347,356,357,363,368,371,377,377,379,380,380,382,383,384,387,387,391,392,394,397,399,399,405,408,409,411,413,419,423,425,429,)(435,441,446,446,447,451,456,459,462,464,469,471,474,474,476,476,482,488,491,493,494,495,495,498,499,509,510,514,516,526,526,538,539,541,544,549,552,553,553,)(557,558,561,571,576,577,579,584,587,587,594,595,595,598,612,612,613,620,623,623,631,633,635,642,651,652,656,659,659,662,663,672,673,679,688,)(691,697,706,711,711,712,712,715,717,721,727,732,733,734,736,740,742,748,750,752,752,752,754,768,)(769,771,773,780,780,785,793,794,794,800,801,802,805,806,806,806,806,807,819,821,825,837,)(839,839,842,842,842,842,843,847,853,858,865,871,873,875,879,882,892,897,899,901,904,905,908,)(913,922,923,925,929,930,932,942,942,942,942,948,951,955,960,965,975,978,978,984,988,989,990,993,)
ERROR: Not Found: 145
ERROR: Not Found: 74
(0,3,8,9,14,16,16,16,17,29,30,31,35,35,36,36,44,55,60,61,61,62,70,72,73,82,88,91,91,94,98,98,100,100,100,104,)(106,123,128,130,132,135,139,146,146,154,161,165,167,169,171,175,176,181,187,189,189,190,191,194,194,195,196,198,200,205,205,208,208,210,215,)(219,220,224,226,229,230,235,240,243,251,252,254,254,254,255,255,257,257,259,263,267,273,290,292,294,302,305,306,316,319,)(329,336,337,339,347,356,357,363,368,371,377,377,379,380,380,382,383,384,387,387,391,392,394,397,399,399,405,408,409,411,413,419,423,425,429,)(435,441,446,446,447,451,456,459,462,464,469,471,474,474,476,476,482,488,491,493,494,495,495,498,499,509,510,514,516,526,526,538,539,541,544,549,552,553,553,)(557,558,561,571,576,577,579,584,587,587,594,595,595,598,612,612,613,620,623,623,631,633,635,642,651,652,656,659,659,662,663,672,673,679,688,)(691,697,706,711,711,712,712,715,717,721,727,732,733,734,736,740,742,748,750,752,752,752,754,768,)(769,771,773,780,780,785,793,794,794,800,801,802,805,806,806,806,806,807,819,821,825,837,838,)(839,839,842,842,842,842,843,847,853,858,865,871,873,875,879,882,892,897,899,901,904,905,908,)(913,922,923,925,929,930,932,942,942,942,942,948,951,955,960,965,975,978,978,984,988,989,990,993,)
(0,3,8,9,14,16,16,16,17,29,30,31,35,35,36,36,44,55,60,61,61,62,70,72,73,82,88,91,91,94,98,98,100,100,100,104,)(106,123,128,130,132,135,139,146,146,154,161,165,167,169,171,175,176,181,187,189,189,190,191,194,194,195,196,198,200,205,205,208,208,210,215,)(219,220,224,226,229,230,235,240,243,251,252,254,254,254,255,255,257,257,259,263,267,273,290,292,294,302,305,306,316,319,)(329,336,337,339,347,356,357,363,368,371,377,377,379,380,380,382,383,384,387,387,391,392,394,397,399,399,405,408,409,411,413,419,423,425,429,)(435,441,446,446,447,451,456,459,462,464,469,471,474,474,476,476,482,488,491,493,494,495,495,498,499,509,510,514,516,526,526,538,539,541,544,549,552,553,553,)(557,558,561,571,576,577,579,584,587,587,594,595,595,598,612,612,613,620,623,623,631,633,635,642,651,652,656,659,659,662,663,672,673,679,688,)(691,697,706,711,711,712,712,715,717,721,727,732,733,734,736,740,742,748,750,752,752,752,754,768,)(769,771,773,780,780,785,793,794,794,800,801,802,805,806,806,806,806,807,819,821,825,837,838,)(839,839,842,842,842,842,843,847,853,858,865,871,873,875,879,882,892,897,899,901,904,905,908,)(913,922,923,925,929,930,932,942,942,942,942,948,951,955,960,965,975,978,978,984,988,989,990,993,)
(0,3,8,9,12,14,16,16,16,17,29,30,31,35,35,36,36,44,55,60,61,61,62,70,72,73,82,88,91,91,94,98,98,100,100,100,104,)(106,123,128,130,132,135,139,146,146,154,161,165,167,169,171,175,176,181,187,189,189,190,191,194,194,195,196,198,200,204,205,205,208,208,210,215,)(219,220,224,226,229,230,235,240,243,251,252,254,254,254,255,255,257,257,259,263,267,273,290,292,294,302,305,306,316,319,)(329,336,337,339,347,356,357,363,368,371,377,377,379,380,380,382,383,384,387,387,391,392,394,397,399,399,405,408,409,411,413,419,423,425,429,)(435,441,441,446,446,447,451,456,459,462,464,469,471,474,474,476,476,482,488,491,493,494,495,495,498,499,509,510,514,516,526,526,538,539,541,544,549,552,553,553,)(557,558,561,571,576,577,579,584,587,587,594,595,595,598,612,612,613,620,623,623,631,633,635,642,651,652,656,659,659,662,663,672,673,679,683,688,)(691,697,706,711,711,712,712,715,717,721,727,732,733,733,734,736,740,742,748,750,752,752,752,754,768,)(769,771,773,780,780,785,793,794,794,800,801,802,805,806,806,806,806,807,819,821,825,837,838,)(839,839,842,842,842,842,843,847,853,858,865,871,873,874,875,879,882,892,897,899,901,904,905,908,)(913,922,923,925,929,930,932,942,942,942,942,948,951,955,960,965,975,978,978,984,988,989,990,993,)
ERROR: Not Found: 109
(0,3,8,9,12,14,16,16,16,17,29,30,31,35,35,36,36,44,55,60,61,61,62,70,72,73,82,88,91,91,94,98,98,100,100,100,104,)(106,123,128,130,132,135,139,146,146,154,161,165,167,169,171,175,176,181,187,189,189,190,191,194,194,195,196,198,200,204,205,205,208,208,210,215,)(219,220,224,226,229,230,235,240,243,251,252,254,254,254,255,255,257,257,259,263,267,273,290,292,294,302,305,306,316,319,)(329,336,337,339,347,356,357,363,368,371,377,377,379,380,380,382,383,384,387,387,391,392,394,397,399,399,405,408,409,411,413,419,423,425,429,)(435,441,441,446,446,447,451,456,459,462,464,469,471,474,474,476,476,482,488,491,493,494,495,495,498,499,509,510,514,516,526,526,538,539,541,544,549,552,553,553,)(557,558,561,571,576,577,579,584,587,587,594,595,595,598,612,612,613,620,623,623,631,633,635,642,651,652,656,659,659,662,663,672,673,679,683,688,)(691,697,706,711,711,712,712,715,717,721,727,732,733,733,734,736,740,742,748,750,752,752,752,754,768,)(769,771,773,780,780,785,793,794,794,800,801,802,805,806,806,806,806,807,819,821,825,837,838,)(839,839,842,842,842,842,843,847,853,858,865,871,873,874,875,879,882,892,897,899,901,904,905,908,909,)(913,922,923,925,929,930,932,942,942,942,942,948,951,955,960,965,975,978,978,984,988,989,990,993,)
ERROR: Not Found: 969
ERROR: Not Found: 48
(0,3,8,9,12,14,16,16,16,17,29,30,31,35,35,36,36,44,55,60,61,61,62,70,72,73,82,82,88,91,91,94,98,98,100,100,100,104,)(106,123,128,130,132,135,139,146,146,154,161,165,167,169,171,175,176,181,187,189,189,190,191,194,194,195,196,198,200,204,205,205,208,208,210,213,215,)(219,220,224,226,229,230,235,240,243,251,252,254,254,254,255,255,257,257,259,263,267,273,290,292,294,302,304,305,306,316,319,)(329,336,337,339,347,356,357,363,368,371,377,377,379,380,380,382,383,384,387,387,391,392,394,397,399,399,405,408,409,411,413,419,423,425,429,)(435,441,441,446,446,447,451,456,459,462,464,469,471,474,474,476,476,482,488,491,493,494,495,495,498,499,509,510,514,516,526,526,538,539,541,544,549,552,553,553,)(557,558,561,571,576,577,579,584,587,587,594,595,595,598,612,612,613,620,623,623,631,633,635,642,651,652,656,659,659,662,663,672,673,679,683,688,)(691,697,706,711,711,712,712,715,717,721,727,732,733,733,734,736,740,742,748,750,752,752,752,754,768,)(769,771,773,780,780,785,793,794,794,800,801,802,805,806,806,806,806,807,819,821,823,825,837,838,)(839,839,842,842,842,842,843,847,853,858,865,871,873,874,875,879,882,892,897,899,899,901,904,905,908,909,)(913,922,923,925,929,930,932,942,942,942,942,948,951,955,960,965,975,978,978,984,988,989,990,993,)
(0,3,8,9,12,14,16,16,16,17,29,30,31,35,35,36,36,44,55,60,61,61,62,70,72,73,82,82,88,91,91,94,98,98,100,100,100,104,)(106,123,128,130,132,135,139,146,146,154,161,165,167,169,171,175,176,181,187,189,189,190,191,194,194,195,196,198,200,201,204,205,205,208,208,210,213,215,)(219,220,224,226,229,230,235,240,243,251,252,254,254,254,255,255,257,257,259,263,267,273,290,292,294,302,304,305,306,316,319,)(329,336,337,339,347,356,357,363,368,371,377,377,379,380,380,382,383,384,387,387,391,392,394,397,399,399,405,408,409,411,413,419,423,425,429,)(435,441,441,446,446,447,451,456,459,462,464,469,471,474,474,476,476,482,488,491,493,494,495,495,498,499,509,510,514,516,526,526,538,539,541,544,549,552,553,553,)(557,558,561,571,576,577,579,584,587,587,594,595,595,598,612,612,613,620,623,623,631,633,635,642,651,652,656,659,659,662,663,672,673,679,683,688,)(691,697,706,711,711,712,712,715,717,721,727,732,733,733,734,736,740,742,748,750,752,752,752,754,768,)(769,771,773,780,780,785,793,794,794,800,801,802,805,806,806,806,806,807,819,821,823,825,837,838,)(839,839,842,842,842,842,843,847,853,858,865,871,873,874,875,879,882,892,897,899,899,901,904,905,908,909,)(913,922,923,925,929,930,932,942,942,942,942,948,951,955,960,965,975,978,978,984,988,989,990,993,)
(0,3,8,9,12,14,16,16,16,17,29,30,31,35,35,36,36,44,55,60,61,61,62,70,72,73,82,82,88,91,91,94,98,98,100,100,100,104,)(106,123,128,130,132,135,139,146,146,154,161,165,167,169,171,175,176,181,187,189,189,190,191,194,194,195,196,198,200,201,204,205,205,206,208,208,210,213,215,)(219,220,224,226,229,230,235,240,243,251,252,254,254,254,255,255,257,257,259,263,267,273,290,292,294,302,304,305,306,316,319,)(329,336,337,339,347,356,357,363,368,371,377,377,379,380,380,382,383,384,387,387,391,392,394,397,399,399,405,408,409,411,413,419,423,425,429,)(435,441,441,446,446,447,451,456,459,462,464,469,471,474,474,476,476,482,488,491,493,494,495,495,498,499,509,510,514,516,526,526,538,539,541,544,549,552,553,553,)(557,558,561,571,576,577,579,584,587,587,594,595,595,598,612,612,613,620,623,623,631,633,635,642,651,652,656,659,659,662,663,672,673,679,683,688,)(691,697,706,711,711,712,712,715,717,721,727,732,733,733,734,736,740,742,748,750,752,752,752,754,768,)(769,771,773,780,780,785,793,794,794,800,801,802,805,806,806,806,806,807,819,821,823,825,837,838,)(839,839,842,842,842,842,843,847,853,858,865,871,873,874,875,879,882,892,897,899,899,901,904,905,908,909,)(913,922,923,925,929,930,932,942,942,942,942,948,951,955,960,965,975,978,978,984,988,989,990,993,)
ERROR: Not Found: 269
(0,3,8,9,12,14,16,16,16,17,29,30,31,35,35,36,36,44,55,60,61,61,62,70,72,73,82,82,88,91,91,94,98,98,100,100,100,104,)(106,123,128,130,132,135,139,146,146,154,161,165,167,169,171,175,176,181,187,189,189,190,191,194,194,195,196,198,200,201,204,205,205,206,208,208,210,213,215,)(219,220,224,226,229,230,235,240,243,251,252,254,254,254,254,255,255,257,257,259,263,267,273,290,292,294,302,304,305,306,316,319,)(329,336,337,339,347,356,357,363,368,371,377,377,379,380,380,382,383,384,387,387,391,392,394,397,399,399,405,408,409,411,413,419,423,425,429,)(435,441,441,446,446,447,451,456,459,462,464,469,471,474,474,476,476,482,488,491,493,494,495,495,498,499,509,510,514,516,526,526,538,539,541,544,549,552,553,553,)(557,558,561,571,576,577,579,584,587,587,594,595,595,598,612,612,613,620,623,623,631,633,635,642,651,652,656,659,659,662,663,672,673,679,683,688,)(691,697,706,711,711,712,712,715,717,721,727,732,733,733,734,736,740,742,748,750,752,752,752,754,768,)(769,771,773,780,780,785,793,794,794,800,801,802,805,806,806,806,806,807,819,821,823,825,837,838,)(839,839,842,842,842,842,843,847,853,858,865,871,873,874,875,879,882,892,897,899,899,901,904,905,908,909,)(913,922,923,925,929,930,932,942,942,942,942,948,951,955,960,965,975,978,978,984,988,989,990,993,)
(0,3,8,9,12,14,16,16,16,17,29,30,31,35,35,36,36,44,55,60,61,61,62,70,72,73,82,82,88,91,91,94,98,98,100,100,100,104,)(106,123,128,130,132,135,139,146,146,154,161,165,167,169,171,175,176,181,187,189,189,190,191,194,194,195,196,198,200,201,204,205,205,206,208,208,210,213,215,)(219,220,224,226,229,230,235,240,243,251,252,254,254,254,254,255,255,257,257,259,263,267,273,290,292,294,302,304,305,306,316,319,)(329,336,337,339,347,356,357,363,368,371,377,377,379,380,380,382,383,384,387,387,391,392,394,397,399,399,405,408,409,411,413,419,423,425,429,)(435,441,441,446,446,447,451,456,459,462,464,469,471,474,474,476,476,482,488,491,493,494,495,495,498,499,509,510,514,516,526,526,538,539,541,544,549,552,553,553,)(557,558,561,571,576,577,579,584,587,587,594,595,595,598,612,612,613,620,623,623,631,633,635,642,651,652,656,659,659,662,663,672,673,679,683,688,)(691,697,706,711,711,712,712,715,717,721,727,732,733,733,734,736,740,742,748,750,752,752,752,754,768,)(769,771,773,780,780,785,793,794,794,800,801,802,805,806,806,806,806,807,819,821,823,825,837,838,)(839,839,842,842,842,842,843,847,853,858,865,871,873,874,875,879,882,892,897,899,899,901,904,905,908,909,)(913,922,923,925,929,930,932,942,942,942,942,948,951,955,960,965,975,978,978,984,988,989,990,993,)
Elapsed time: 0.0660499 sec
