539
945
653
641
141
442
217
237
161
594
813
50
721
43
646
28
314
24
646
633
981
862
398
586
957
577
228
418
717
793
198
272
369
312
749
259
49
123
739
133
431
497
757
67
528
27
575
970
924
600
749
831
547
958
951
761
938
253
592
793
95
584
96
704
153
53
555
130
915
260
252
517
331
56
982
598
677
656
989
64
698
78
21
681
990
650
403
484
510
300
996
660
480
275
513
319
751
77
815
865
153
988
496
948
481
62
695
69
626
967
41
19
25
181
138
836
529
474
514
699
750
106
912
388
685
40
21
927
269
9
204
576
358
656
904
991
333
909
176
33
791
478
701
673
597
530
929
99
182
598
476
311
972
631
668
193
28
824
264
923
421
985
486
407
724
899
796
800
411
146
7
992
638
100
668
534
828
775
430
550
268
787
712
604
976
317
514
590
352
141
353
452
222
387
153
434
833
335
563
726
791
744
483
371
167
725
156
317
221
823
184
568
757
266
72
953
253
212
