100
106
123
130
133
138
141
141
146
153
153
153
156
161
167
176
181
182
184
19
193
198
204
21
21
212
217
221
222
228
237
24
25
252
253
253
259
260
264
266
268
269
27
272
275
28
28
300
311
312
314
317
317
319
33
331
333
335
352
353
358
369
371
387
388
398
40
403
407
41
411
418
421
43
430
431
434
442
452
474
476
478
480
481
483
484
486
49
496
497
50
510
513
514
514
517
528
529
53
530
534
539
547
550
555
56
563
568
575
576
577
584
586
590
592
594
597
598
598
600
604
62
626
631
633
638
64
641
646
646
650
653
656
656
660
668
668
67
673
677
681
685
69
695
698
699
7
701
704
712
717
72
721
724
725
726
739
744
749
749
750
751
757
757
761
77
775
78
787
791
791
793
793
796
800
813
815
823
824
828
831
833
836
862
865
899
9
904
909
912
915
923
924
927
929
938
945
948
95
951
953
957
958
96
967
970
972
976
981
982
985
988
989
99
990
991
992
996
Elapsed time: 0.00142089 sec
