13 0
12 0
79 38
79 37
79 36
78 39
78 35
77 40
77 39
77 34
76 41
76 39
76 33
75 42
75 41
75 39
75 37
75 36
75 32
74 43
74 38
74 32
73 36
72 43
72 42
72 32
72 31
71 35
71 32
71 31
70 35
70 33
70 32
70 28
70 27
69 33
69 29
69 28
69 26
69 20
68 30
68 26
68 22
68 21
68 19
68 18
67 30
67 28
67 27
67 22
67 21
67 19
67 18
66 29
66 28
66 23
66 21
66 20
66 17
66 16
65 24
65 23
65 22
65 17
65 16
64 24
64 23
64 16
64 15
63 22
63 21
63 16
62 19
62 18
62 16
62 15
61 23
61 19
61 18
61 17
61 16
60 24
60 23
60 19
59 25
59 21
59 19
58 24
58 23
58 19
58 18
57 17
56 30
56 29
56 27
56 19
56 18
55 30
55 29
55 27
55 26
55 19
54 31
53 33
53 32
53 31
53 28
53 27
53 21
52 33
52 32
52 28
52 23
52 20
52 19
51 32
51 31
51 30
51 25
51 21
51 20
51 13
51 12
50 31
50 30
50 27
50 25
50 21
50 11
49 27
49 26
49 25
49 18
49 13
49 12
49 10
49 9
48 30
48 29
48 19
48 17
48 12
48 11
48 10
48 9
47 20
47 19
47 17
47 16
47 13
47 12
47 11
47 10
46 19
46 18
46 14
45 20
45 19
45 16
44 32
44 31
44 29
44 28
44 21
44 20
44 18
44 17
44 10
44 9
43 31
43 30
43 29
43 22
43 20
43 19
43 18
43 13
43 11
43 10
43 9
42 30
42 23
42 22
42 19
42 16
42 14
42 8
41 22
41 21
41 20
41 19
41 18
41 17
41 14
41 9
40 21
40 17
40 16
40 15
40 14
40 12
40 10
38 19
38 18
38 14
37 20
37 19
37 18
37 13
36 21
36 20
36 16
36 13
35 21
35 20
35 19
35 18
35 16
34 22
34 21
34 19
34 16
33 33
33 32
33 31
33 27
33 21
33 18
33 17
33 8
32 51
32 49
32 27
32 26
32 25
32 22
32 20
32 19
32 18
32 9
32 7
31 50
31 49
31 38
31 28
31 26
31 25
31 24
31 22
31 19
31 8
31 7
30 50
30 49
30 37
30 36
30 27
30 26
30 24
29 56
29 55
29 38
29 37
29 29
29 28
29 27
29 24
29 22
29 21
28 56
28 54
28 30
28 27
28 22
28 18
27 55
27 49
27 41
27 30
27 28
27 24
27 23
27 19
27 17
26 60
26 59
26 58
26 51
26 50
26 41
26 40
26 28
26 17
26 16
25 62
25 61
25 58
25 51
25 50
25 41
25 40
25 4
25 3
24 62
24 61
24 59
24 58
24 54
24 51
24 50
24 47
24 41
24 40
24 36
24 35
24 24
24 5
24 2
23 70
23 69
23 62
23 61
23 60
23 55
23 54
23 52
23 51
23 47
23 46
23 45
23 42
23 36
23 35
23 25
23 24
23 4
23 3
22 70
22 68
22 54
22 51
22 47
22 46
22 45
22 44
22 43
22 42
22 22
22 20
21 53
21 45
21 42
21 30
21 29
21 22
21 19
21 7
20 69
20 68
20 63
20 59
20 57
20 53
20 44
20 42
20 31
20 29
20 28
20 23
20 22
20 20
20 7
19 84
19 75
19 64
19 63
19 61
19 60
19 58
19 57
19 56
19 55
19 54
19 53
19 44
19 30
19 28
19 21
19 8
19 6
18 85
18 79
18 76
18 75
18 74
18 65
18 64
18 63
18 60
18 59
18 58
18 57
18 56
18 53
18 28
18 27
18 21
17 85
17 79
17 75
17 73
17 64
17 63
17 60
17 55
17 54
17 28
17 27
17 21
17 20
17 11
17 10
17 8
17 7
17 6
17 5
17 4
16 85
16 84
16 83
16 82
16 81
16 79
16 75
16 66
16 64
16 63
16 62
16 61
16 28
16 27
16 14
16 12
16 11
16 9
16 4
16 2
15 79
15 77
15 75
15 71
15 67
15 65
15 43
15 42
15 26
15 15
15 14
15 13
15 12
15 11
15 9
15 4
15 1
14 79
14 77
14 76
14 75
14 74
14 72
14 70
14 69
14 64
14 63
14 59
14 14
14 13
14 10
14 4
13 78
13 77
13 72
13 69
13 59
13 58
13 57
13 44
13 43
13 42
13 10
13 9
13 5
13 2
13 1
12 85
12 84
12 83
12 71
12 67
12 63
12 60
12 58
12 15
12 12
12 9
12 5
12 1
11 85
11 82
11 65
11 60
11 59
11 10
11 8
11 6
11 4
11 3
11 2
10 85
10 81
10 67
10 65
10 14
10 10
10 9
10 5
10 4
10 1
9 84
9 82
9 67
9 66
9 65
9 10
9 4
9 2
8 11
8 3
7 48
7 47
6 48
6 47
1 44
1 43
0 44
0 43
