29 38
28 39
27 39
26 39
25 39
7 1
5 7
2 7
1 7
1 6
0 7
30 37
29 37
29 36
28 37
28 36
27 36
25 37
17 36
11 36
27 28
26 29
24 29
18 29
17 29
16 29
14 28
12 29
11 29
10 29
5 5
4 5
3 5
2 5
2 4
20 17
19 17
18 17
17 17
16 17
16 16
15 17
14 17
13 17
12 17
6 17
4 17
3 16
7 2
6 2
5 3
5 2
4 3
4 2
28 35
27 34
26 34
25 34
23 34
18 35
18 34
17 35
16 35
16 34
15 34
13 34
12 35
12 34
11 35
10 35
10 34
27 23
26 23
26 22
25 23
25 22
21 23
20 23
19 23
18 23
17 23
16 23
15 23
14 23
13 23
12 23
11 23
10 23
9 23
8 23
7 23
6 23
5 23
5 22
4 22
20 15
19 15
18 15
18 14
14 15
14 14
13 15
12 15
6 15
4 15
4 14
27 33
26 32
25 32
24 33
24 32
23 33
17 33
17 32
16 33
16 32
15 33
15 32
13 33
13 32
12 33
12 32
11 33
11 32
26 30
24 31
16 30
12 30
28 40
26 41
25 41
25 21
24 21
24 20
23 21
22 21
22 20
21 21
20 21
19 21
18 21
17 21
16 21
15 21
14 21
13 21
12 21
11 21
10 21
10 20
9 21
6 20
5 21
5 20
4 21
4 20
3 21
21 19
21 18
20 19
19 19
18 19
17 19
16 19
15 19
14 19
13 19
12 19
11 19
11 18
6 19
4 18
26 42
25 42
24 42
23 43
23 42
26 24
25 24
24 25
24 24
20 24
19 25
18 25
17 25
16 25
15 25
14 25
13 25
12 25
11 25
10 25
9 25
8 24
6 24
26 27
26 26
24 27
19 26
18 27
17 27
16 27
15 27
14 27
13 27
12 27
11 27
10 27
9 26
20 9
19 9
19 8
18 9
14 9
13 9
13 8
12 9
3 8
2 9
2 8
1 8
19 12
18 12
17 12
15 12
14 12
13 12
6 13
6 12
5 12
4 12
20 10
19 11
18 11
18 10
17 11
17 10
15 11
15 10
14 11
14 10
13 11
12 10
7 11
7 10
6 11
5 10
4 10
3 11
3 10
