30 38
30 37
30 36
29 39
29 35
28 40
28 39
28 34
27 41
27 39
27 37
27 36
27 34
27 33
27 29
27 28
27 27
27 24
27 23
27 22
26 42
26 41
26 39
26 34
26 32
26 31
26 29
26 28
26 27
26 25
26 21
25 43
25 38
25 34
25 29
25 27
25 20
24 31
24 25
24 24
24 20
23 43
23 42
23 34
23 33
23 22
22 21
22 19
21 24
21 23
21 21
21 19
21 18
20 25
20 23
20 21
20 19
20 17
20 11
20 10
20 9
20 8
19 26
19 25
19 23
19 21
19 19
19 17
19 15
19 13
19 12
19 8
18 36
18 35
18 34
18 33
18 27
18 25
18 23
18 21
18 19
18 17
18 15
18 14
18 8
17 36
17 32
17 31
17 29
17 27
17 25
17 23
17 21
17 19
17 17
17 15
17 13
17 12
17 9
16 36
16 30
16 29
16 27
16 25
16 23
16 21
16 19
16 17
16 16
15 35
15 32
15 31
15 29
15 27
15 25
15 23
15 21
15 19
15 17
15 15
15 13
15 12
15 9
14 28
14 27
14 25
14 23
14 21
14 19
14 17
14 15
14 14
14 8
13 35
13 32
13 31
13 29
13 27
13 25
13 23
13 21
13 19
13 17
13 15
13 13
13 12
13 8
12 36
12 30
12 29
12 27
12 25
12 23
12 21
12 19
12 17
12 11
12 10
12 9
12 8
11 36
11 32
11 31
11 29
11 27
11 25
11 23
11 21
11 19
11 18
10 36
10 35
10 34
10 33
10 27
10 25
10 23
10 21
10 19
9 26
9 25
9 23
9 21
9 20
8 25
8 23
7 22
7 11
7 10
7 2
7 1
6 24
6 20
6 19
6 13
5 24
5 17
5 15
5 10
5 6
5 1
4 23
4 19
4 17
4 16
4 15
4 13
4 12
4 10
4 5
4 3
4 2
3 22
3 21
3 20
3 17
3 16
3 15
3 11
3 10
3 8
3 7
3 5
3 3
2 10
2 5
2 4
1 9
1 5
0 8
0 7
0 6
