7 1
5 1
20 17
19 17
18 17
17 17
16 17
16 16
15 17
14 17
13 17
12 17
5 17
4 17
4 16
3 17
3 16
27 27
26 27
25 27
19 26
18 27
17 27
16 27
15 27
14 27
13 27
12 27
11 27
10 27
9 26
19 15
18 15
18 14
17 15
15 15
14 15
14 14
13 15
5 15
4 15
3 15
20 11
20 10
12 11
12 10
7 11
7 10
5 10
4 10
3 11
3 10
2 10
27 29
27 28
26 29
26 28
25 29
17 29
16 29
15 29
14 28
13 29
12 29
11 29
19 13
19 12
17 13
17 12
15 13
15 12
13 13
13 12
6 13
4 13
4 12
27 33
26 32
23 33
18 33
17 32
15 32
13 32
11 32
10 33
26 42
25 43
23 43
23 42
26 31
24 31
17 31
16 30
15 31
13 31
12 30
11 31
27 24
26 25
24 25
24 24
21 24
20 25
19 25
18 25
17 25
16 25
15 25
14 25
13 25
12 25
11 25
10 25
9 25
8 25
6 24
5 24
20 9
20 8
19 8
18 8
17 9
15 9
14 8
13 8
12 9
12 8
3 8
1 9
0 8
26 21
25 20
24 20
22 21
21 21
20 21
19 21
18 21
17 21
16 21
15 21
14 21
22 19
21 19
21 18
20 19
19 19
18 19
17 19
13 21
12 21
11 21
10 21
9 21
9 20
6 20
3 21
3 20
27 23
27 22
23 22
21 23
20 23
19 23
18 23
17 23
16 23
15 23
14 23
13 23
12 23
11 23
10 23
9 23
8 23
7 22
4 23
3 22
16 19
15 19
14 19
13 19
12 19
11 19
11 18
10 19
6 19
4 19
4 5
3 5
2 5
2 4
1 5
5 6
3 7
0 7
0 6
7 2
4 3
4 2
3 3
28 40
27 41
26 41
30 38
29 39
28 39
27 39
26 39
25 38
29 35
28 34
27 34
26 34
25 34
23 34
18 35
18 34
15 35
13 35
10 35
10 34
30 37
30 36
27 37
27 36
18 36
17 36
16 36
12 36
11 36
10 36
