30 37
29 38
29 37
29 36
28 40
28 39
28 37
28 36
28 35
27 39
27 36
27 34
27 33
27 28
27 23
26 42
26 41
26 39
26 34
26 32
26 30
26 29
26 27
26 26
26 24
26 23
26 22
25 42
25 41
25 39
25 37
25 34
25 32
25 24
25 23
25 22
25 21
24 42
24 33
24 32
24 31
24 29
24 27
24 25
24 24
24 21
24 20
23 43
23 42
23 34
23 33
23 21
22 21
22 20
21 23
21 21
21 19
21 18
20 24
20 23
20 21
20 19
20 17
20 15
20 10
20 9
19 26
19 25
19 23
19 21
19 19
19 17
19 15
19 12
19 11
19 9
19 8
18 35
18 34
18 29
18 27
18 25
18 23
18 21
18 19
18 17
18 15
18 14
18 12
18 11
18 10
18 9
17 36
17 35
17 33
17 32
17 29
17 27
17 25
17 23
17 21
17 19
17 17
17 12
17 11
17 10
16 35
16 34
16 33
16 32
16 30
16 29
16 27
16 25
16 23
16 21
16 19
16 17
16 16
15 34
15 33
15 32
15 27
15 25
15 23
15 21
15 19
15 17
15 12
15 11
15 10
14 28
14 27
14 25
14 23
14 21
14 19
14 17
14 15
14 14
14 12
14 11
14 10
14 9
13 34
13 33
13 32
13 27
13 25
13 23
13 21
13 19
13 17
13 15
13 12
13 11
13 9
13 8
12 35
12 34
12 33
12 32
12 30
12 29
12 27
12 25
12 23
12 21
12 19
12 17
12 15
12 10
12 9
11 36
11 35
11 33
11 32
11 29
11 27
11 25
11 23
11 21
11 19
11 18
10 35
10 34
10 29
10 27
10 25
10 23
10 21
10 20
9 26
9 25
9 23
9 21
8 24
8 23
7 23
7 11
7 10
7 2
7 1
6 24
6 23
6 20
6 19
6 17
6 15
6 13
6 12
6 11
6 2
5 23
5 22
5 21
5 20
5 12
5 10
5 7
5 5
5 3
5 2
4 22
4 21
4 20
4 18
4 17
4 15
4 14
4 12
4 10
4 5
4 3
4 2
3 21
3 16
3 11
3 10
3 8
3 5
2 9
2 8
2 7
2 5
2 4
1 8
1 7
1 6
0 7
